# kpath(in_2pi) band-levels(nkpoints_x_nbands)
         0.000000       -12.508911       -12.507997       -12.257986       -12.256637        -5.972310        -5.972295        -5.007057        -5.004755        -4.301229        -4.301096        -3.401800        -3.401092        -2.096674        -2.096140        -1.217193        -1.214950        -0.879118        -0.872347         1.915094         1.918258         2.445520         2.449699         3.658510         3.659515         4.013223         4.015332         5.927024         5.927920         7.712743         7.715600         8.027601         8.027968
         0.004641       -12.512754       -12.511839       -12.259616       -12.258265        -5.968378        -5.968361        -5.002992        -5.000694        -4.299242        -4.299102        -3.399866        -3.399158        -2.095262        -2.094728        -1.219652        -1.217419        -0.883732        -0.876970         1.914474         1.917637         2.441861         2.446022         3.655415         3.656417         4.012049         4.014158         5.939996         5.940901         7.710756         7.713586         8.019394         8.019758
         0.009281       -12.524228       -12.523314       -12.264491       -12.263134        -5.956659        -5.956636        -4.990833        -4.988548        -4.293366        -4.293207        -3.394073        -3.393364        -2.091032        -2.090498        -1.227042        -1.224834        -0.897327        -0.890586         1.912675         1.915834         2.431064         2.435169         3.646094         3.647082         4.008518         4.010626         5.978481         5.979406         7.705039         7.707789         7.995261         7.995614
         0.013922       -12.543160       -12.542246       -12.272555       -12.271189        -5.937340        -5.937308        -4.970670        -4.968405        -4.283854        -4.283661        -3.384423        -3.383714        -2.083952        -2.083418        -1.239359        -1.237191        -0.919178        -0.912473         1.909888         1.913041         2.413686         2.417703         3.630509         3.631477         4.002601         4.004707         6.041276         6.042230         7.696036         7.698659         7.956710         7.957041
         0.018563       -12.569286       -12.568374       -12.283726       -12.282346        -5.910737        -5.910692        -4.942672        -4.940434        -4.271146        -4.270901        -3.370955        -3.370245        -2.073998        -2.073464        -1.256603        -1.254489        -0.948111        -0.941458         1.906403         1.909547         2.390527         2.394427         3.608582         3.609519         3.994247         3.996349         6.126495         6.127481         7.684321         7.686775         7.905823         7.906111
         0.023204       -12.602244       -12.601334       -12.297885       -12.296488        -5.877262        -5.877204        -4.907055        -4.904851        -4.255821        -4.255506        -3.353701        -3.352991        -2.061132        -2.060599        -1.278745        -1.276698        -0.982552        -0.975969         1.902594         1.905726         2.362534         2.366295         3.580238         3.581138         3.983400         3.985498         6.231664         6.232677         7.670223         7.672476         7.844988         7.845204
         0.027844       -12.641589       -12.640680       -12.314862       -12.313445        -5.837451        -5.837379        -4.864093        -4.861932        -4.238619        -4.238209        -3.332679        -3.331968        -2.045304        -2.044771        -1.305710        -1.303742        -1.020619        -1.014123         1.898960         1.902079         2.330722         2.334325         3.545477         3.546334         3.969999         3.972091         6.353787         6.354813         7.653261         7.655290         7.776733         7.776842
         0.032485       -12.686812       -12.685905       -12.334473       -12.333033        -5.791916        -5.791832        -4.814108        -4.811997        -4.220406        -4.219873        -3.307949        -3.307237        -2.026466        -2.025934        -1.337394        -1.335509        -1.060205        -1.053813         1.896001         1.899104         2.296095         2.299524         3.504315         3.505122         3.953963         3.956049         6.489257         6.490270         7.631655         7.633436         7.704018         7.704039
         0.037126       -12.737360       -12.736457       -12.356509       -12.355042        -5.741393        -5.741299        -4.757486        -4.755432        -4.202133        -4.201446        -3.279565        -3.278851        -2.004581        -2.004050        -1.373623        -1.371823        -1.099064        -1.092791         1.894235         1.897322         2.259575         2.262818         3.456884         3.457638         3.935204         3.937282         6.633314         6.634266         7.600462         7.601789         7.632198         7.632244
         0.041767       -12.792657       -12.791757       -12.380751       -12.379256        -5.686695        -5.686595        -4.694620        -4.692629        -4.184776        -4.183900        -3.247596        -3.246882        -1.979630        -1.979102        -1.414188        -1.412470        -1.134905        -1.128765         1.894138         1.897203         2.222018         2.225062         3.403414         3.404111         3.913620         3.915689         6.778724         6.779514         7.548180         7.548228         7.574109         7.575111
         0.046407       -12.852083       -12.851189       -12.406963       -12.405437        -5.628760        -5.628660        -4.625983        -4.624063        -4.169232        -4.168130        -3.212125        -3.211409        -1.951624        -1.951103        -1.458824        -1.457186        -1.165467        -1.159471         1.896139         1.899177         2.184222         2.187052         3.344267         3.344905         3.889101         3.891161         6.911398         6.911799         7.494634         7.494904         7.517597         7.518818
         0.051048       -12.915034       -12.914145       -12.434899       -12.433340        -5.568651        -5.568556        -4.552052        -4.550208        -4.156188        -4.154825        -3.173233        -3.172515        -1.920629        -1.920121        -1.507243        -1.505690        -1.188632        -1.182798         1.900594         1.903593         2.146947         2.149541         3.279927         3.280504         3.861551         3.863601         7.001413         7.001879         7.444367         7.446124         7.483733         7.484201
         0.055689       -12.980900       -12.980018       -12.464298       -12.462705        -5.507624        -5.507538        -4.473349        -4.471590        -4.145970        -4.144313        -3.131042        -3.130323        -1.886839        -1.886359        -1.559074        -1.557624        -1.202539        -1.196884         1.907686         1.910622         2.111039         2.113363         3.211033         3.211547         3.830871         3.832910         7.014995         7.016707         7.358451         7.360470         7.543637         7.543803
         0.060329       -13.049095       -13.048221       -12.494921       -12.493293        -5.447139        -5.447061        -4.390433        -4.388768        -4.138368        -4.136395        -3.085649        -3.084930        -1.850716        -1.850302        -1.613640        -1.612339        -1.205771        -1.200312         1.917348         1.920163         2.077480         2.079466         3.138299         3.138750         3.796989         3.799016         6.965437         6.968268         7.260075         7.262425         7.659348         7.660080
         0.064970       -13.119036       -13.118171       -12.526503       -12.524839        -5.388949        -5.388875        -4.304013        -4.302454        -4.132406        -4.130100        -3.037191        -3.036473        -1.813854        -1.813636        -1.669076        -1.668066        -1.197465        -1.192213         1.928903         1.931447         2.047859         2.049347         3.062591         3.062978         3.759852         3.761867         6.885573         6.889377         7.153490         7.156164         7.790081         8.107952
         0.069611       -13.190186       -13.189331       -12.558804       -12.557104        -5.335107        -5.335020        -4.215372        -4.213940        -4.125728        -4.123088        -2.985824        -2.985107        -1.787380        -1.786699        -1.714223        -1.714215        -1.177359        -1.172314         1.939979         1.941833         2.025578         2.026134         2.984851         2.985173         3.719398         3.721401         6.792568         6.797335         7.041984         7.044966         7.814469         7.882145
         0.074251       -13.262002       -13.261158       -12.591575       -12.589838        -5.287964        -5.287836        -4.137655        -4.135857        -4.103476        -4.101037        -2.931728        -2.931014        -1.816305        -1.814802        -1.705108        -1.704185        -1.145824        -1.140975         1.944259         1.944718         2.016814         2.017909         2.906107         2.906364         3.675626         3.677617         6.693683         6.699393         6.928190         6.931448         7.710762         7.801165
         0.078892       -13.333993       -13.333160       -12.624586       -12.622813        -5.249992        -5.249776        -4.113938        -4.111141        -4.020297        -4.018757        -2.875077        -2.874368        -1.875861        -1.874499        -1.664343        -1.663447        -1.103773        -1.099096         1.936607         1.937182         2.026596         2.028997         2.827441         2.827629         3.628577         3.630555         6.592332         6.598976         6.814016         6.817513         7.592902         7.691033
         0.083533       -13.405690       -13.404871       -12.657606       -12.655797        -5.223491        -5.223127        -4.093603        -4.090594        -3.924467        -3.923127        -2.816110        -2.815408        -1.940847        -1.939635        -1.618152        -1.617291        -1.052598        -1.048061         1.924855         1.925642         2.049150         2.052052         2.750014         2.750130         3.578306         3.580273         6.490469         6.498017         6.700877         6.704581         7.475567         7.575843
         0.088174       -13.476667       -13.475861       -12.690427       -12.688582        -5.210087        -5.209509        -4.064487        -4.061431        -3.826206        -3.824998        -2.755056        -2.754363        -2.007585        -2.006507        -1.570416        -1.569575        -0.993974        -0.989536         1.915540         1.916211         2.078490         2.081581         2.675019         2.675058         3.524937         3.526892         6.389329         6.397750         6.589822         6.593694         7.361266         7.463874
         0.092814       -13.546505       -13.545713       -12.722844       -12.720964        -5.210351        -5.209502        -4.024562        -4.021567        -3.726610        -3.725518        -2.692207        -2.691528        -2.074874        -2.073922        -1.522665        -1.521838        -0.929849        -0.925467         1.911315         1.911752         2.112196         2.115377         2.603682         2.603727         3.468648         3.470593         6.289808         6.299047         6.481633         6.485662         7.250673         7.354401
         0.097455       -13.614828       -13.614051       -12.754665       -12.752752        -5.223616        -5.222460        -3.973557        -3.970700        -3.626135        -3.625152        -2.627866        -2.627208        -2.141934        -2.141105        -1.476122        -1.475308        -0.862202        -0.857833         1.913618         1.913770         2.149180         2.152417         2.537283         2.537422         3.409681         3.411618         6.192558         6.202552         6.376938         6.381102         7.144265         7.248851
         0.102096       -13.681288       -13.680525       -12.785714       -12.783769        -5.248237        -5.246759        -3.912389        -3.909724        -3.525150        -3.524271        -2.562452        -2.561830        -2.208095        -2.207397        -1.432047        -1.431249        -0.793067        -0.788668         1.923237         1.923399         2.188678         2.191961         2.477187         2.477432         3.348334         3.350264         6.098108         6.108781         6.276235         6.280518         7.042294         7.147502
         0.106737       -13.745561       -13.744813       -12.815830       -12.813853        -5.282010        -5.280218        -3.842660        -3.840214        -3.423900        -3.423122        -2.496549        -2.496004        -2.272582        -2.272049        -1.391740        -1.390964        -0.724342        -0.719878         1.940844         1.941337         2.229953         2.233281         2.424799         2.425165         3.284976         3.286902         6.006844         6.018105         6.179910         6.184290         6.944897         7.050468
         0.111377       -13.807331       -13.806599       -12.844845       -12.842838        -5.322583        -5.320497        -3.766279        -3.764065        -3.322617        -3.321936        -2.432008        -2.431743        -2.333276        -2.333107        -1.356544        -1.355796        -0.657764        -0.653204         1.967019         1.967852         2.271750         2.275112         2.381992         2.382482         3.220058         3.221985         5.919082         5.930841         6.088289         6.092751         6.852077         6.957829
         0.116018       -13.866335       -13.865618       -12.872620       -12.870586        -5.367758        -5.365405        -3.685153        -3.683172        -3.221455        -3.220868        -2.408612        -2.407560        -2.351841        -2.350617        -1.327773        -1.327060        -0.594791        -0.590114         2.001886         2.003063         2.308262         2.311093         2.355573         2.355635         3.154082         3.156013         5.835051         5.847207         6.001623         6.006154         6.763889         6.869575
         0.120658       -13.922317       -13.921614       -12.899021       -12.896959        -5.415592        -5.413002        -3.601116        -3.599367        -3.120581        -3.120086        -2.460686        -2.459992        -2.291527        -2.290589        -1.306661        -1.305990        -0.536589        -0.531782         2.045188         2.046707         2.310917         2.311155         2.373400         2.375817         3.087653         3.089595         5.754928         5.767382         5.920141         5.924732         6.680233         6.785753
         0.125299       -13.975038       -13.974350       -12.923924       -12.921838        -5.464455        -5.461658        -3.515838        -3.514314        -3.020122        -3.019714        -2.515135        -2.514600        -2.226960        -2.226113        -1.294247        -1.293623        -0.483949        -0.479008         2.096239         2.098094         2.300448         2.300872         2.414559         2.417513         3.021423         3.023387         5.678843         5.691489         5.844017         5.848658         6.601073         6.706217
         0.129940       -14.024284       -14.023609       -12.947219       -12.945109        -5.512984        -5.510006        -3.430861        -3.429555        -2.920300        -2.919980        -2.566742        -2.566315        -2.163345        -2.162540        -1.291328        -1.290755        -0.437340        -0.432269         2.153686         2.155868         2.298411         2.299124         2.457846         2.460960         2.956165         2.958165         5.606902         5.619632         5.773423         5.778104         6.526303         6.630799
         0.134581       -14.069870       -14.069209       -12.968817       -12.966686        -5.560078        -5.556945        -3.347624        -3.346528        -2.821567        -2.821344        -2.614367        -2.614040        -2.101739        -2.100960        -1.298380        -1.297859        -0.396874        -0.391682         2.214986         2.217431         2.307615         2.308499         2.500501         2.503714         2.892683         2.894743         5.539171         5.551876         5.708483         5.713198         6.455758         6.559197
         0.139221       -14.111613       -14.110964       -12.988618       -12.986468        -5.604816        -5.601549        -3.267511        -3.266616        -2.727285        -2.727255        -2.654230        -2.654092        -2.042910        -2.042150        -1.315515        -1.315046        -0.362418        -0.357116         2.273662         2.275830         2.332603         2.333105         2.541442         2.544755         2.831960         2.834122         5.475734         5.488303         5.649327         5.654069         6.389006         6.491252
         0.143862       -14.149381       -14.148743       -13.006544       -13.004377        -5.646465        -5.643086        -3.191830        -3.191126        -2.707471        -2.707140        -2.616615        -2.616401        -1.987595        -1.986851        -1.342530        -1.342108        -0.333607        -0.328211         2.317722         2.318438         2.381526         2.382593         2.579681         2.583138         2.775176         2.777521         5.416685         5.429015         5.596054         5.600817         6.326018         6.426220
         0.148503       -14.183020       -14.182393       -13.022525       -13.020342        -5.684412        -5.680937        -3.121882        -3.121356        -2.740199        -2.739955        -2.522674        -2.522560        -1.936570        -1.935840        -1.378877        -1.378495        -0.309964        -0.304489         2.351134         2.351331         2.445279         2.447412         2.613701         2.617414         2.724315         2.727012         5.362178         5.374160         5.548763         5.553545         6.266204         6.360174
         0.153144       -14.212419       -14.211800       -13.036492       -13.034295        -5.718165        -5.714611        -3.058929        -3.058569        -2.770611        -2.770426        -2.427488        -2.427447        -1.890597        -1.889882        -1.423728        -1.423375        -0.290915        -0.285375         2.382461         2.383096         2.510429         2.513284         2.637285         2.640838         2.687169         2.689947         5.312551         5.324118         5.507546         5.512341         6.209956         6.298589
         0.157784       -14.237465       -14.236854       -13.048401       -13.046194        -5.747330        -5.743712        -3.004340        -3.004130        -2.796207        -2.796071        -2.333543        -2.333517        -1.850513        -1.849812        -1.475942        -1.475603        -0.275920        -0.270329         2.412531         2.413460         2.566860         2.570705         2.630488         2.630961         2.690859         2.691438         5.268248         5.279348         5.472490         5.477295         6.157548         6.239703
         0.162425       -14.258075       -14.257471       -13.058207       -13.055990        -5.771591        -5.767921        -2.959597        -2.959523        -2.816032        -2.815941        -2.241792        -2.241697        -1.817249        -1.816567        -1.533984        -1.533635        -0.264438        -0.258807         2.439030         2.440218         2.579928         2.581970         2.646545         2.646983         2.710249         2.712004         5.229916         5.240538         5.443667         5.448480         6.108142         6.182135
         0.167066       -14.274179       -14.273580       -13.065871       -13.063646        -5.790706        -5.786997        -2.926607        -2.926560        -2.828877        -2.828832        -2.153472        -2.153299        -1.792133        -1.791479        -1.595324        -1.594927        -0.256019        -0.250359         2.458802         2.460250         2.564024         2.564788         2.688278         2.689933         2.728151         2.730245         5.198497         5.208668         5.421161         5.425978         6.067325         6.134994
         0.171706       -14.285718       -14.285123       -13.071360       -13.069130        -5.804480        -5.800743        -2.907028        -2.906893        -2.833656        -2.833645        -2.071224        -2.070943        -1.778050        -1.777450        -1.654480        -1.653964        -0.250269        -0.244590         2.469296         2.470946         2.554148         2.554607         2.722790         2.724831         2.741655         2.743883         5.174998         5.184798         5.405032         5.409852         6.035917         6.098818
         0.176347       -14.292653       -14.292060       -13.074662       -13.072429        -5.812793        -5.809040        -2.899079        -2.898905        -2.832544        -2.832538        -2.002528        -2.002077        -1.782017        -1.781466        -1.696993        -1.696283        -0.246932        -0.241241         2.472054         2.473778         2.551795         2.552121         2.744663         2.746857         2.749972         2.752264         5.160410         5.169966         5.395332         5.400155         6.016094         6.075962
         0.180988       -14.294971       -14.294379       -13.075769       -13.073535        -5.815576        -5.811818        -2.897350        -2.897167        -2.831232        -2.831222        -1.970991        -1.970386        -1.793913        -1.793285        -1.709346        -1.708569        -0.245846        -0.240151         2.472139         2.473871         2.551881         2.552155         2.752024         2.752865         2.754176         2.755260         5.155457         5.164928         5.392095         5.396918         6.009323         6.068186
         0.180988       -14.294971       -14.294379       -13.075769       -13.073535        -5.815576        -5.811818        -2.897350        -2.897167        -2.831232        -2.831222        -1.970991        -1.970386        -1.793913        -1.793285        -1.709346        -1.708569        -0.245846        -0.240151         2.472139         2.473871         2.551881         2.552155         2.752024         2.752865         2.754176         2.755260         5.155457         5.164928         5.392095         5.396918         6.009323         6.068186
         0.186347       -14.291883       -14.291289       -13.074296       -13.072063        -5.811867        -5.808117        -2.899883        -2.899483        -2.832979        -2.832754        -2.011684        -2.011139        -1.780485        -1.778988        -1.692103        -1.691943        -0.247298        -0.241610         2.471560         2.474003         2.551558         2.552533         2.741128         2.745998         2.749724         2.750074         5.162048         5.171637         5.396411         5.401234         6.018333         6.078535
         0.191706       -14.282639       -14.282035       -13.069895       -13.067665        -5.800789        -5.797070        -2.912418        -2.910766        -2.833777        -2.832244        -2.095855        -2.095278        -1.782813        -1.778802        -1.637982        -1.635247        -0.251770        -0.246112         2.464552         2.471116         2.554235         2.558857         2.710850         2.718513         2.737256         2.740170         5.181344         5.191288         5.409338         5.414160         6.044473         6.108656
         0.197065       -14.267280       -14.266650       -13.062581       -13.060356        -5.782463        -5.778808        -2.941966        -2.938538        -2.825593        -2.822188        -2.193688        -2.193274        -1.806560        -1.800605        -1.568137        -1.563030        -0.259538        -0.253950         2.444619         2.457359         2.568253         2.576379         2.664558         2.676100         2.718233         2.722975         5.212117         5.222614         5.430820         5.435639         6.085209         6.155807
         0.202423       -14.245879       -14.245203       -13.052391       -13.050170        -5.757116        -5.753565        -2.988270        -2.983352        -2.807097        -2.802106        -2.297011        -2.296887        -1.844295        -1.836908        -1.498242        -1.490705        -0.271063        -0.265618         2.413185         2.431016         2.583371         2.583696         2.618575         2.641237         2.695610         2.699057         5.252822         5.263999         5.460768         5.465584         6.137079         6.215786
         0.207782       -14.218536       -14.217787       -13.039377       -13.037160        -5.725051        -5.721657        -3.048360        -3.042251        -2.780256        -2.774108        -2.403441        -2.402208        -1.894270        -1.885922        -1.433064        -1.422927        -0.286945        -0.281762         2.374780         2.396013         2.526946         2.528655         2.639838         2.643776         2.673484         2.696295         5.302048         5.313951         5.499088         5.503898         6.197812         6.285507
         0.213141       -14.185377       -14.184520       -13.023600       -13.021385        -5.686706        -5.683534        -3.119727        -3.112649        -2.746463        -2.740081        -2.510835        -2.507311        -1.956043        -1.947242        -1.374377        -1.361497        -0.307914        -0.303178         2.333399         2.355572         2.453155         2.453164         2.607673         2.625996         2.708526         2.746058         5.358690         5.371299         5.545661         5.550464         6.262463         6.356734
         0.218500       -14.146566       -14.145562       -13.005136       -13.002921        -5.642600        -5.639732        -3.200254        -3.192411        -2.706669        -2.705315        -2.617962        -2.606557        -2.029418        -2.020713        -1.322993        -1.307304        -0.334705        -0.330690         2.292161         2.309648         2.372404         2.381031         2.564330         2.584170         2.772814         2.812862         5.422124         5.435382         5.600380         5.605172         6.332077         6.433297
         0.223859       -14.102284       -14.101087       -12.984078       -12.981859        -5.593409        -5.590944        -3.287888        -3.279495        -2.734389        -2.724342        -2.661184        -2.635127        -2.114103        -2.106081        -1.279268        -1.260800        -0.368025        -0.365115         2.252788         2.253047         2.291828         2.322288         2.515912         2.537112         2.846568         2.889076         5.491937         5.505743         5.663121         5.667902         6.406485         6.509918
         0.229218       -14.052754       -14.051312       -12.960538       -12.958310        -5.539956        -5.538017        -3.380561        -3.371863        -2.830082        -2.828411        -2.611697        -2.590269        -2.209573        -2.202868        -1.243320        -1.222198        -0.408419        -0.407119         2.185720         2.202020         2.229603         2.281759         2.464632         2.486886         2.927657         2.972333         5.568004         5.582257         5.733762         5.738530         6.486217         6.591326
         0.234577       -13.998198       -13.996451       -12.934625       -12.932384        -5.483249        -5.481984        -3.476109        -3.467388        -2.930140        -2.928510        -2.558776        -2.536173        -2.314846        -2.310240        -1.215097        -1.191532        -0.457062        -0.456114         2.116754         2.128304         2.200750         2.253716         2.412563         2.435468         3.014592         3.061012         5.650296         5.664896         5.812168         5.816923         6.571699         6.678109
         0.239936       -13.938898       -13.936781       -12.906476       -12.904216        -5.424532        -5.424125        -3.572302        -3.563891        -3.029076        -3.024747        -2.505653        -2.479259        -2.426822        -2.426267        -1.194475        -1.168740        -0.514911        -0.510947         2.051380         2.055865         2.183016         2.234569         2.362031         2.385382         3.105924         3.153610         5.738804         5.753665         5.898185         5.902926         6.663493         6.770843
         0.245294       -13.875169       -13.872611       -12.876242       -12.873955        -5.366019        -5.365343        -3.666766        -3.659045        -3.125124        -3.117993        -2.555649        -2.553246        -2.442133        -2.417747        -1.181292        -1.153694        -0.580043        -0.572168         1.987536         1.991273         2.174218         2.222273         2.315663         2.340174         3.200196         3.248654         5.833519         5.848570         5.991631         5.996359         6.761897         6.869978
         0.250653       -13.807332       -13.804254       -12.844079       -12.841759        -5.309600        -5.307575        -3.756887        -3.750296        -3.218559        -3.208219        -2.684223        -2.681587        -2.387759        -2.358530        -1.175352        -1.146202        -0.651221        -0.638427         1.923401         1.936556         2.173801         2.213489         2.276335         2.305394         3.295991         3.344723         5.934420         5.949605         6.092317         6.097035         6.867197         6.975839
         0.256012       -13.735762       -13.732081       -12.810162       -12.807799        -5.257214        -5.253540        -3.839810        -3.834829        -3.310208        -3.296036        -2.819026        -2.811601        -2.335224        -2.301483        -1.176476        -1.146058        -0.726458        -0.707643         1.863311         1.886752         2.179966         2.202506         2.247571         2.288735         3.391904         3.440408         6.041424         6.056708         6.200009         6.204719         6.979516         7.088636
         0.261371       -13.660858       -13.656485       -12.774680       -12.772265        -5.211616        -5.205988        -3.912418        -3.909542        -3.401744        -3.382991        -2.954069        -2.941170        -2.288424        -2.249560        -1.184504        -1.153061        -0.803030        -0.777039         1.807547         1.841533         2.186776         2.188051         2.236013         2.292731         3.486572         3.534339         6.154396         6.169768         6.314450         6.319155         7.098967         7.208505
         0.266730       -13.583074       -13.577914       -12.737844       -12.735368        -5.175778        -5.167958        -3.971546        -3.971206        -3.495957        -3.472054        -3.084559        -3.065619        -2.250920        -2.206223        -1.199286        -1.167030        -0.877485        -0.843200         1.757075         1.801234         2.175888         2.186708         2.248640         2.311662         3.578675         3.625180         6.273123         6.288602         6.435351         6.440052         7.225575         7.335523
         0.272089       -13.502867       -13.496821       -12.699866       -12.697318        -5.152426        -5.142353        -4.016866        -4.014418        -3.596564        -3.567831        -3.204083        -3.179432        -2.226500        -2.175459        -1.220607        -1.187791        -0.945782        -0.902271         1.713538         1.767057         2.169891         2.185922         2.277751         2.340504         3.667061         3.711749         6.397305         6.412944         6.562393         6.567087         7.359388         7.469708
         0.277448       -13.420748       -13.413712       -12.660968       -12.658338        -5.143262        -5.131164        -4.044590        -4.039416        -3.707056        -3.675328        -3.305998        -3.277515        -2.218902        -2.161554        -1.248149        -1.215213        -1.003726        -0.950446         1.679037         1.740894         2.170569         2.189477         2.315917         2.376542         3.750680         3.792957         6.526513         6.542417         6.695229         6.699909         7.500325         7.611022
         0.282807       -13.337267       -13.329136       -12.621402       -12.618679        -5.148237        -5.134657        -4.054287        -4.046862        -3.828592        -3.796447        -3.386801        -3.357214        -2.230982        -2.168216        -1.281432        -1.249116        -1.047803        -0.984796         1.655764         1.724855         2.176849         2.197385         2.360291         2.418033         3.828682         3.867904         6.660137         6.676473         6.833481         6.838129         7.648270         7.759331
         0.288166       -13.252999       -13.243665       -12.581414       -12.578588        -5.165365        -5.151060        -4.047982        -4.039658        -3.959310        -3.927946        -3.447687        -3.419001        -2.263921        -2.197461        -1.319970        -1.289183        -1.076036        -1.004064         1.645724         1.720858         2.187119         2.208217         2.409251         2.463552         3.900473         3.935939         6.797256         6.814296         6.976731         6.981321         7.802770         7.914339
         0.293525       -13.168542       -13.157898       -12.541258       -12.538318        -5.191257        -5.177030        -4.095856        -4.072961        -4.029251        -4.013739        -3.492046        -3.465060        -2.316880        -2.248833        -1.363510        -1.334976        -1.088435        -1.008893         1.650388         1.730172         2.199762         2.220237         2.461449         2.511753         3.965743         3.996690         6.936507         6.954652         7.124551         7.129040         7.963130         8.075304
         0.298884       -13.084536       -13.072478       -12.501218       -12.498154        -5.222018        -5.208598        -4.234727        -4.211660        -4.002476        -3.989006        -3.522930        -3.497687        -2.387412        -2.319685        -1.411972        -1.386042        -1.086694        -1.001217         1.670397         1.753014         2.213536         2.231801         2.515564         2.561268         4.024515         4.050126         7.075608         7.095474         7.276439         7.280766         8.126184         8.239600
         0.304242       -13.001651       -12.988079       -12.461572       -12.458376        -5.253955        -5.241945        -4.373235        -4.352227        -3.971681        -3.958219        -3.542439        -3.518691        -2.472333        -2.406302        -1.465198        -1.441950        -1.073241        -0.983260         1.705266         1.788078         2.228095         2.241722         2.570224         2.610671         4.077168         4.096588         7.210486         7.233010         7.431796         7.435908         8.255325         8.318084
         0.309601       -12.920560       -12.905386       -12.422626       -12.419289        -5.283896        -5.273782        -4.509267        -4.490264        -3.940349        -3.926991        -3.551951        -3.529385        -2.568490        -2.504985        -1.522857        -1.502259        -1.050323        -0.956849         1.752903         1.831775         2.244678         2.249673         2.624000         2.658487         4.124409         4.136774         7.333481         7.359762         7.590065         7.593860         8.167153         8.600037
         0.314960       -12.841941       -12.825087       -12.384656       -12.381174        -5.309235        -5.301407        -4.641176        -4.623957        -3.911202        -3.898154        -3.552417        -3.530739        -2.673126        -2.612591        -1.584485        -1.566491        -1.019471        -0.923114         1.808900         1.877260         2.257167         2.267353         2.675443         2.703248         4.167271         4.171754         7.429351         7.459581         7.750415         7.753849         8.076892         8.119345
         0.320319       -12.766472       -12.747878       -12.347949       -12.344317        -5.327897        -5.322670        -4.767652        -4.751991        -3.886244        -3.873696        -3.544575        -3.523538        -2.783989        -2.726657        -1.649532        -1.634124        -0.981549        -0.882606         1.865092         1.914000         2.269175         2.303624         2.723056         2.743489         4.202873         4.207000         7.475058         7.503713         7.911765         7.915025         8.038229         8.090105
         0.325678       -12.694810       -12.674436       -12.312812       -12.309030        -5.338230        -5.335862        -4.887639        -4.873329        -3.866872        -3.854959        -3.529114        -3.508525        -2.899202        -2.845252        -1.717383        -1.704573        -0.937031        -0.835566         1.908367         1.931136         2.295420         2.361162         2.765472         2.777923         4.231585         4.244867         7.458402         7.475378         8.055179         8.076315         8.079869         8.115219
         0.331037       -12.627580       -12.605410       -12.279532       -12.275601        -5.339633        -5.338934        -5.000233        -4.987090        -3.853995        -3.842757        -3.506691        -3.486459        -3.017058        -2.966784        -1.787345        -1.777182        -0.886286        -0.782184         1.924093         1.924850         2.346602         2.441602         2.801526         2.805512         4.259354         4.282083         7.397458         7.399273         8.107376         8.165516         8.236990         8.237049
         0.336396       -12.565336       -12.541385       -12.248376       -12.244301        -5.332948        -5.329025        -5.104672        -5.092528        -3.848212        -3.837540        -3.478060        -3.458399        -3.135661        -3.089769        -1.858675        -1.851243        -0.829864        -0.722862         1.895396         1.910383         2.423972         2.539806         2.825640         2.830488         4.287428         4.319578         7.305514         7.317436         8.134067         8.199303         8.395363         8.395976
         0.341755       -12.508575       -12.482888       -12.219614       -12.215403        -5.315058        -5.307836        -5.200326        -5.188987        -3.850112        -3.839660        -3.444206        -3.426821        -3.251571        -3.212491        -1.930529        -1.925951        -0.768669        -0.658378         1.849962         1.870958         2.518898         2.648655         2.838134         2.852225         4.316633         4.357838         7.209894         7.233815         8.115056         8.187924         8.550180         8.551709
         0.347114       -12.457702       -12.430355       -12.193476       -12.189138        -5.287075        -5.285054        -5.280001        -5.270859        -3.860673        -3.849687        -3.413077        -3.407578        -3.341934        -3.331411        -2.001947        -2.000392        -0.704008        -0.589939         1.792446         1.814322         2.621083         2.761861         2.843367         2.867705         4.347296         4.396878         7.120318         7.155074         8.054330         8.130079         8.699904         8.702440
         0.352473       -12.413031       -12.384136       -12.170170       -12.165718        -5.363195        -5.353597        -5.244079        -5.229535        -3.882012        -3.869048        -3.493886        -3.452981        -3.359838        -3.327435        -2.073505        -2.071825        -0.637663        -0.519259         1.727047         1.746733         2.720135         2.841938         2.874317         2.880559         4.379142         4.436178         7.041492         7.086402         7.968372         8.041865         8.842739         8.846310
         0.357831       -12.374741       -12.344439       -12.149861       -12.145309        -5.429623        -5.420496        -5.191096        -5.173090        -3.918138        -3.900846        -3.587888        -3.557237        -3.317398        -3.284968        -2.144018        -2.138847        -0.571830        -0.448529         1.657861         1.673422         2.797674         2.835578         2.904622         2.980897         4.411378         4.474798         6.976892         7.031659         7.871135         7.938905         8.976516         8.981084
         0.363190       -12.342904       -12.311365       -12.132667       -12.128031        -5.485704        -5.477003        -5.127296        -5.105804        -3.973905        -3.949965        -3.664968        -3.645537        -3.273627        -3.239416        -2.210341        -2.201409        -0.509118        -0.380446         1.589066         1.599274         2.825451         2.827877         2.962560         3.077801         4.442796         4.511468         6.929284         6.993992         7.771101         7.830917         9.098480         9.103940
         0.368549       -12.317473       -12.284891       -12.118684       -12.113978        -5.531309        -5.522956        -5.054324        -5.029410        -4.049522        -4.019146        -3.720359        -3.711354        -3.231761        -3.194874        -2.270472        -2.257556        -0.452447        -0.318171         1.524970         1.529205         2.813316         2.829746         3.033186         3.161285         4.471897         4.544706         6.900561         6.975749         7.673297         7.723446         9.205213         9.211404
         0.373908       -12.298298       -12.264887       -12.107928       -12.103167        -5.566422        -5.558335        -4.975416        -4.947230        -4.136845        -4.102682        -3.757760        -3.756148        -3.194607        -3.154611        -2.321889        -2.304958        -0.404836        -0.265154         1.468169         1.469860         2.800950         2.823783         3.094710         3.228326         4.497079         4.572972         6.891137         6.977920         7.581738         7.620509         9.292685         9.299402
         0.379267       -12.285106       -12.251093       -12.100376       -12.095577        -5.591151        -5.583250        -4.897109        -4.865961        -4.223053        -4.187483        -3.785771        -3.782812        -3.165195        -3.122173        -2.361607        -2.341047        -0.369066        -0.224792         1.420853         1.427640         2.790092         2.816344         3.140420         3.276817         4.516747         4.594750         6.898557         6.998563         7.501472         7.526986         9.357016         9.364051
         0.384626       -12.277527       -12.243150       -12.095945       -12.091121        -5.605708        -5.597914        -4.832991        -4.799577        -4.291273        -4.255435        -3.804068        -3.798459        -3.146369        -3.101093        -2.386626        -2.363466        -0.347167        -0.199802         1.391085         1.401333         2.782439         2.810418         3.167980         3.305708         4.529446         4.608666         6.915091         7.029015         7.441498         7.453007         9.395491         9.402672
         0.389985       -12.275118       -12.240620       -12.094515       -12.089682        -5.610459        -5.602700        -4.806485        -4.772198        -4.318449        -4.282544        -3.810912        -3.804323        -3.139982        -3.093874        -2.395031        -2.370929        -0.339959        -0.191514         1.381052         1.392518         2.779544         2.808047         3.177007         3.315117         4.533893         4.613506         6.924990         7.046445         7.417300         7.421237         9.407837         9.415159
         0.389985       -12.275118       -12.240620       -12.094515       -12.089682        -5.610459        -5.602700        -4.806485        -4.772198        -4.318449        -4.282544        -3.810912        -3.804323        -3.139982        -3.093874        -2.395031        -2.370929        -0.339959        -0.191514         1.381052         1.392518         2.779544         2.808047         3.177007         3.315117         4.533893         4.613506         6.924990         7.046445         7.417300         7.421237         9.407837         9.415159
         0.392664       -12.275696       -12.241228       -12.094864       -12.090033        -5.609291        -5.601524        -4.813603        -4.779515        -4.311531        -4.275734        -3.808763        -3.802493        -3.141555        -3.095657        -2.392990        -2.369124        -0.341702        -0.193526         1.383540         1.394697         2.780363         2.808740         3.174811         3.312833         4.532711         4.612228         6.921444         7.040522         7.424362         7.430687         9.404937         9.412145
         0.395343       -12.277367       -12.242990       -12.095883       -12.091060        -5.605852        -5.598060        -4.833694        -4.800109        -4.292722        -4.257477        -3.801541        -3.796362        -3.146117        -3.100813        -2.387093        -2.363906        -0.346730        -0.199335         1.390812         1.401068         2.782927         2.810930         3.168416         3.306183         4.529142         4.608374         6.910320         7.023013         7.445837         7.458586         9.396711         9.403904
         0.398022       -12.280071       -12.245847       -12.097552       -12.092740        -5.600230        -5.592398        -4.863976        -4.831071        -4.266109        -4.232225        -3.787769        -3.784695        -3.153395        -3.109007        -2.377779        -2.355647        -0.354751        -0.208593         1.402553         1.411362         2.787354         2.814729         3.158088         3.295429         4.523105         4.601871         6.891815         6.996052         7.481214         7.502485         9.383745         9.390914
         0.400701       -12.283733       -12.249720       -12.099827       -12.095032        -5.592504        -5.584616        -4.901417        -4.869281        -4.236277        -4.204849        -3.765993        -3.765740        -3.163047        -3.119811        -2.365532        -2.344752        -0.365406        -0.220874         1.418376         1.425258         2.793810         2.820275         3.144150         3.280873         4.514565         4.592684         6.867129         6.962609         7.529077         7.559199         9.366748         9.373884
         0.403380       -12.288274       -12.254531       -12.102677       -12.097902        -5.582769        -5.574813        -4.943561        -4.912237        -4.207265        -4.179429        -3.738756        -3.733948        -3.174684        -3.132746        -2.350888        -2.331672        -0.378298        -0.235702         1.437815         1.442361         2.802434         2.827654         3.126970         3.262833         4.503507         4.580804         6.837719         6.925076         7.587579         7.625951         9.346417         9.353510
         0.406059       -12.293629       -12.260214       -12.106060       -12.101313        -5.571131        -5.563093        -4.988661        -4.958175        -4.182018        -4.158606        -3.701877        -3.691592        -3.187924        -3.147343        -2.334390        -2.316873        -0.393034        -0.252606         1.460379         1.462257         2.813338         2.836879         3.106969         3.241637         4.489941         4.566243         6.804973         6.885136         7.655064         7.700796         9.323393         9.330431
         0.408738       -12.299716       -12.266686       -12.109943       -12.105228        -5.557693        -5.549561        -5.035514        -5.005882        -4.162143        -4.143435        -3.655058        -3.638904        -3.202382        -3.163129        -2.316537        -2.300793        -0.409211        -0.271108         1.484510         1.485563         2.826621         2.847859         3.084675         3.217621         4.473904         4.549042         6.769941         6.843825         7.730125         7.782344         9.298288         9.305258
         0.411417       -12.306462       -12.273872       -12.114282       -12.109605        -5.542577        -5.534339        -5.083297        -5.054533        -4.147988        -4.133732        -3.598920        -3.576986        -3.217705        -3.179653        -2.297802        -2.283854        -0.426441        -0.290758         1.508703         1.512888         2.842370         2.860296         3.060823         3.191137         4.455449         4.529256         6.733392         6.801800         7.811593         7.869548         9.271648         9.278535
         0.414096       -12.313793       -12.281697       -12.119034       -12.114400        -5.525905        -5.517548        -5.131427        -5.103545        -4.139039        -4.128671        -3.534753        -3.507330        -3.233571        -3.196453        -2.278593        -2.266429        -0.444373        -0.311152         1.534414         1.541881         2.860639         2.873401         3.036605         3.162532         4.434672         4.506985         6.695958         6.759567         7.898543         7.961622         9.243952         9.250743
         0.416776       -12.321641       -12.290091       -12.124160       -12.119575        -5.507812        -5.499320        -5.179489        -5.152509        -4.134425        -4.127287        -3.464229        -3.431411        -3.249697        -3.212941        -2.259270        -2.248852        -0.462697        -0.331937         1.561242         1.572099         2.881441         2.885156         3.014408         3.132161         4.411678         4.482335         6.658028         6.717395         7.990177         8.057901         9.215606         9.222287
         0.419455       -12.329927       -12.298975       -12.129612       -12.125082        -5.488449        -5.479801        -5.227149        -5.201099        -4.133234        -4.128711        -3.389648        -3.350519        -3.265830        -3.227885        -2.240147        -2.231420        -0.481122        -0.352790         1.588809         1.603131         2.890771         2.904712         2.999395         3.100455         4.386602         4.455445         6.619926         6.675513         8.085766         8.157775         9.186958         9.193522
         0.422134       -12.338582       -12.308276       -12.135353       -12.130883        -5.467984        -5.459138        -5.274149        -5.249077        -4.134690        -4.132259        -3.317773        -3.281745        -3.265680        -3.235411        -2.221484        -2.214382        -0.499425        -0.373467         1.616762         1.634598         2.883441         2.930165         2.998680         3.068008         4.359603         4.426474         6.581865         6.634053         8.184630         8.260664         9.158305         9.164746
         0.424813       -12.347534       -12.317922       -12.141329       -12.136925        -5.446640        -5.437487        -5.320214        -5.296240        -4.138165        -4.137400        -3.297248        -3.285294        -3.199559        -3.177719        -2.203502        -2.197950        -0.517410        -0.393757         1.644775         1.666159         2.862918         2.956515         3.012841         3.036430         4.330868         4.395609         6.544069         6.593182         8.286120         8.366020         9.129894         9.136219
         0.427492       -12.356721       -12.327848       -12.147506       -12.143173        -5.425033        -5.415076        -5.364737        -5.342370        -4.143742        -4.143183        -3.312179        -3.292370        -3.120766        -3.087305        -2.186391        -2.182308        -0.534940        -0.413514         1.672533         1.697480         2.834847         2.973150         3.016548         3.036461         4.300575         4.363030         6.506638         6.552946         8.389453         8.473155         9.101908         9.108140
         0.430171       -12.366070       -12.337981       -12.153835       -12.149579        -5.416436        -5.394531        -5.394467        -5.384865        -4.150984        -4.149376        -3.326392        -3.305279        -3.033224        -2.994980        -2.170297        -2.167598        -0.551896        -0.432617         1.699761         1.728272         2.803232         2.953080         3.035611         3.065803         4.268946         4.328956         6.469698         6.513432         8.493702         8.581232         9.074514         9.080697
         0.432850       -12.375520       -12.348256       -12.160271       -12.156097        -5.454923        -5.432136        -5.375370        -5.367486        -4.158895        -4.156461        -3.339764        -3.318728        -2.942634        -2.901218        -2.155332        -2.153931        -0.568209        -0.450999         1.726196         1.758255         2.769976         2.920275         3.069850         3.099180         4.236213         4.293616         6.433337         6.474693         8.597549         8.688981         9.047839         9.054080
         0.435529       -12.385019       -12.358620       -12.166781       -12.162694        -5.496198        -5.474704        -5.351837        -5.343518        -4.167300        -4.164224        -3.352210        -3.331724        -2.850360        -2.806427        -2.141590        -2.141397        -0.583870        -0.468655         1.751587         1.787158         2.736052         2.885688         3.108427         3.135750         4.202602         4.257227         6.397621         6.436766         8.698584         8.793781         9.021943         9.028474
         0.438208       -12.394490       -12.368995       -12.173310       -12.169314        -5.536428        -5.515997        -5.327746        -5.319246        -4.176041        -4.172474        -3.363618        -3.343888        -2.757103        -2.711005        -2.130037        -2.129115        -0.598857        -0.485572         1.775722         1.814735         2.702129         2.850936         3.149914         3.175067         4.168397         4.220065         6.362632         6.399710         8.792163         8.889416         8.996925         9.005373
         0.440887       -12.403880       -12.379325       -12.179824       -12.175925        -5.575301        -5.555866        -5.303507        -5.294920        -4.184999        -4.181068        -3.373939        -3.355065        -2.663352        -2.615309        -2.119871        -2.117928        -0.613212        -0.501802         1.798390         1.840736         2.668673         2.816567         3.193840         3.216771         4.133855         4.182372         6.328422         6.363554         8.867284         8.956891         8.972850         8.993986
         0.443566       -12.413132       -12.389551       -12.186281       -12.182481        -5.612688        -5.594225        -5.279339        -5.270720        -4.194069        -4.189883        -3.383116        -3.365154        -2.569544        -2.519709        -2.110867        -2.108007        -0.626995        -0.517419         1.819417         1.864928         2.636110         2.782938         3.239920         3.260552         4.099262         4.144408         6.295063         6.328350         8.903048         8.948705         8.963171         8.972446
         0.446245       -12.422199       -12.399625       -12.192646       -12.188951        -5.648509        -5.631007        -5.255425        -5.246818        -4.203156        -4.198808        -3.391127        -3.374108        -2.476112        -2.424616        -2.102931        -2.099274        -0.640307        -0.532535         1.838624         1.887055         2.604815         2.750323         3.287869         3.306071         4.064912         4.106435         6.262573         6.294098         8.892428         8.911146         8.930219         9.090805
         0.448924       -12.431027       -12.409491       -12.198881       -12.195295        -5.682694        -5.666147        -5.231930        -5.223374        -4.212179        -4.207748        -3.397957        -3.381900        -2.383557        -2.330568        -2.095806        -2.091537        -0.653261        -0.547279         1.855874         1.906883         2.575171         2.718971         3.337412         3.352975         4.031129         4.068724         6.231023         6.260854         8.845403         8.848152         8.907906         8.946802
         0.451603       -12.439569       -12.419099       -12.204951       -12.201478        -5.715185        -5.699593        -5.209004        -5.200539        -4.221064        -4.216621        -3.403616        -3.388535        -2.292630        -2.238624        -2.088680        -2.084309        -0.665992        -0.561806         1.871058         1.924186         2.547548         2.689109         3.388231         3.400845         3.998267         4.031549         6.200469         6.228656         8.767188         8.780776         8.876395         8.881557
         0.454282       -12.447784       -12.428408       -12.210822       -12.207465        -5.745925        -5.731289        -5.186805        -5.178469        -4.229737        -4.225343        -3.408124        -3.394027        -2.205221        -2.153325        -2.077295        -2.075992        -0.678670        -0.576302         1.884081         1.938733         2.522290         2.660925         3.439967         3.449176         3.966719         3.995179         6.170973         6.197553         8.687961         8.706811         8.772387         8.796811
         0.456961       -12.455622       -12.437364       -12.216461       -12.213223        -5.774865        -5.761186        -5.165461        -5.157294        -4.238134        -4.233843        -3.411518        -3.398412        -2.130266        -2.103342        -2.057852        -2.033182        -0.691446        -0.590945         1.894928         1.950374         2.499733         2.634598         3.492206         3.497331         3.937005         3.959927         6.142623         6.167618         8.603629         8.623482         8.667480         8.686562
         0.459640       -12.463045       -12.445929       -12.221839       -12.218723        -5.801962        -5.789242        -5.145107        -5.137148        -4.246205        -4.242064        -3.413868        -3.401757        -2.095888        -2.092526        -2.002003        -1.952732        -0.704507        -0.605946         1.903600         1.958991         2.480136         2.610250         3.544433         3.544443         3.909800         3.926114         6.115478         6.138899         8.514487         8.525609         8.580273         8.585946
         0.462319       -12.470019       -12.454067       -12.226929       -12.223938        -5.827176        -5.815418        -5.125855        -5.118143        -4.253882        -4.249933        -3.415257        -3.404144        -2.089176        -2.087396        -1.923336        -1.867865        -0.718042        -0.621528         1.910165         1.964570         2.463669         2.587956         3.589199         3.596026         3.886136         3.894159         6.089645         6.111489         8.420080         8.422139         8.500473         8.504695
         0.464998       -12.476511       -12.461742       -12.231705       -12.228841        -5.850468        -5.839675        -5.107808        -5.100382        -4.261119        -4.257399        -3.415782        -3.405669        -2.087921        -2.084625        -1.842215        -1.784179        -0.732225        -0.637906         1.914754         1.967222         2.450386         2.567745         3.629599         3.646002         3.864734         3.867748         6.065225         6.085482         8.321028         8.323846         8.425147         8.434604
         0.467677       -12.482485       -12.468918       -12.236142       -12.233409        -5.871807        -5.861981        -5.091059        -5.083956        -4.267871        -4.264411        -3.415560        -3.406446        -2.087750        -2.083891        -1.762516        -1.702923        -0.747214        -0.655296         1.917561         1.967198         2.440212         2.549588         3.662411         3.692520         3.839356         3.857508         6.042336         6.060986         8.224785         8.230032         8.357305         8.369025
         0.470357       -12.487914       -12.475566       -12.240220       -12.237618        -5.891160        -5.882304        -5.075682        -5.068938        -4.274097        -4.270926        -3.414710        -3.406594        -2.088268        -2.084254        -1.685357        -1.624742        -0.763134        -0.673898         1.918829         1.964863         2.432944         2.533403         3.683629         3.730199         3.823025         3.859026         6.021094         6.038110         8.134529         8.140992         8.295682         8.308130
         0.473036       -12.492781       -12.481667       -12.243911       -12.241443        -5.908502        -5.900619        -5.061753        -5.055403        -4.279758        -4.276901        -3.413387        -3.406266        -2.089250        -2.085318        -1.611376        -1.550217        -0.780038        -0.693881         1.918880         1.960714         2.428280         2.519068         3.691693         3.744711         3.829580         3.873362         6.001648         6.017000         8.051143         8.058154         8.240017         8.252304
         0.475715       -12.497046       -12.487178       -12.247204       -12.244872        -5.923800        -5.916893        -5.049323        -5.043397        -4.284808        -4.282284        -3.411698        -3.405568        -2.090504        -2.086821        -1.541029        -1.479908        -0.797869        -0.715358         1.918035         1.955258         2.425860         2.506413         3.690067         3.735760         3.858877         3.896599         5.984146         5.997797         7.975366         7.982514         8.190424         8.201981
         0.478394       -12.500696       -12.492086       -12.250085       -12.247891        -5.937037        -5.931109        -5.038442        -5.032971        -4.289216        -4.287043        -3.409818        -3.404673        -2.091878        -2.088573        -1.474806        -1.414546        -0.816398        -0.738374         1.916646         1.949022         2.425307         2.495246         3.683697         3.720165         3.893550         3.923235         5.968709         5.980623         7.907945         7.914939         8.147092         8.157519
         0.481073       -12.503715       -12.496372       -12.252531       -12.250475        -5.948193        -5.943245        -5.029138        -5.024147        -4.292966        -4.291158        -3.407868        -3.403704        -2.093228        -2.090407        -1.413259        -1.355112        -0.835093        -0.762837         1.915094         1.942531         2.426284         2.485386         3.675980         3.704439         3.926561         3.949347         5.955517         5.965659         7.849535         7.856158         8.110209         8.119213
         0.483752       -12.506087       -12.500020       -12.254534       -12.252617        -5.957252        -5.953287        -5.021441        -5.016954        -4.296024        -4.294593        -3.405984        -3.402796        -2.094436        -2.092183        -1.357089        -1.303018        -0.852931        -0.788436         1.913699         1.936195         2.428487         2.476641         3.668783         3.690344         3.955624         3.972544         5.944691         5.953028         7.800828         7.806906         8.079972         8.087337
         0.486431       -12.507803       -12.503018       -12.256091       -12.254316        -5.964204        -5.961224        -5.015371        -5.011409        -4.298381        -4.297335        -3.404289        -3.402075        -2.095401        -2.093785        -1.307289        -1.260351        -0.868171        -0.814526         1.912769         1.930372         2.431659         2.468825         3.663085         3.678494         3.979610         3.991336         5.936337         5.942841         7.762335         7.767731         8.056526         8.062091
         0.489110       -12.508845       -12.505348       -12.257191       -12.255557        -5.969035        -5.967042        -5.010946        -5.007524        -4.300013        -4.299359        -3.402866        -3.401623        -2.096042        -2.095114        -1.265356        -1.229992        -0.878193        -0.839861         1.912562         1.925331         2.435628         2.461800         3.659447         3.669167         3.997834         4.004768         5.930561         5.935208         7.734628         7.739239         8.040015         8.043666
         0.491789       -12.509218       -12.507011       -12.257823       -12.256330        -5.971738        -5.970733        -5.008172        -5.005305        -4.300921        -4.300662        -3.401786        -3.401515        -2.096298        -2.096092        -1.233547        -1.215045        -0.880103        -0.862384         1.913290         1.921263         2.440272         2.455451         3.658197         3.662494         4.009825         4.012190         5.927444         5.930220         7.718019         7.721772         8.030475         8.032136
         0.494468       -12.508912       -12.507997       -12.257986       -12.256637        -5.972310        -5.972295        -5.007058        -5.004755        -4.301231        -4.301094        -3.401799        -3.401093        -2.096674        -2.096140        -1.217193        -1.214949        -0.879121        -0.872344         1.915089         1.918263         2.445523         2.449696         3.658511         3.659514         4.013225         4.015330         5.927023         5.927921         7.712742         7.715601         8.027602         8.027967
         0.494468       -12.508912       -12.507997       -12.257986       -12.256637        -5.972310        -5.972295        -5.007058        -5.004755        -4.301231        -4.301094        -3.401799        -3.401093        -2.096674        -2.096140        -1.217193        -1.214949        -0.879121        -0.872344         1.915089         1.918263         2.445523         2.449696         3.658511         3.659514         4.013225         4.015330         5.927023         5.927921         7.712742         7.715601         8.027602         8.027967
         0.497147       -12.508303       -12.507926       -12.257680       -12.256473        -5.971724        -5.970748        -5.007605        -5.005874        -4.301058        -4.300526        -3.402494        -3.400804        -2.096834        -2.095559        -1.235386        -1.212647        -0.887008        -0.855997         1.916340         1.918023         2.444508         2.451379         3.657200         3.663499         4.007723         4.014292         5.928339         5.929316         7.718909         7.720871         8.030111         8.032506
         0.499826       -12.507931       -12.506264       -12.256907       -12.255842        -5.969022        -5.967055        -5.009815        -5.008658        -4.300149        -4.299227        -3.403584        -3.400900        -2.096580        -2.094580        -1.266718        -1.227773        -0.884881        -0.833949         1.915434         1.922082         2.439889         2.457863         3.658460         3.670172         3.995737         4.006863         5.931455         5.934297         7.736374         7.737471         8.039651         8.044043
         0.502505       -12.506890       -12.503935       -12.255665       -12.254743        -5.964194        -5.961233        -5.013684        -5.013100        -4.298514        -4.297208        -3.405023        -3.401333        -2.095941        -2.093250        -1.308219        -1.258524        -0.874418        -0.809055         1.915409         1.927176         2.435903         2.465059         3.662116         3.679495         3.977523         3.993415         5.937233         5.941921         7.764867         7.765166         8.056159         8.062479
         0.505184       -12.505174       -12.500937       -12.253966       -12.253186        -5.957247        -5.953292        -5.019207        -5.019193        -4.296153        -4.294471        -3.406741        -3.402029        -2.094979        -2.091647        -1.357668        -1.301624        -0.858685        -0.783337         1.916055         1.933117         2.432668         2.473080         3.667844         3.691336         3.953553         3.974592         5.945590         5.952098         7.803644         7.804045         8.079600         8.087739
         0.507863       -12.502803       -12.497289       -12.251823       -12.251185        -5.948193        -5.943245        -5.026920        -5.026372        -4.293089        -4.291045        -3.408655        -3.402904        -2.093775        -2.089870        -1.413562        -1.354099        -0.840398        -0.758040         1.917115         1.939639         2.430350         2.482063         3.675097         3.705410         3.924519         3.951338         5.956421         5.964716         7.852332         7.853303         8.109827         8.119633
         0.510542       -12.499784       -12.493003       -12.249238       -12.248740        -5.937045        -5.931102        -5.036259        -5.035161        -4.289331        -4.286938        -3.410642        -3.403836        -2.092428        -2.088037        -1.474898        -1.413836        -0.821324        -0.733825         1.918284         1.946392         2.429200         2.492193         3.682918         3.721082         3.891571         3.925120         5.969620         5.979665         7.910720         7.912093         8.146698         8.157964
         0.513222       -12.496135       -12.488096       -12.246219       -12.245860        -5.923816        -5.916878        -5.047180        -5.045548        -4.284915        -4.282189        -3.412566        -3.404687        -2.091057        -2.086288        -1.540958        -1.479429        -0.802481        -0.711014         1.919247         1.952967         2.429516         2.503661         3.689488         3.736506         3.857080         3.898279         5.985068         5.996823         7.978116         7.979678         8.190011         8.202458
         0.515901       -12.491871       -12.482585       -12.242788       -12.242569        -5.908527        -5.900595        -5.059656        -5.057509        -4.279855        -4.276818        -3.414304        -3.405336        -2.089804        -2.084794        -1.611176        -1.549913        -0.784387        -0.689709         1.919627         1.958840         2.431634         2.516643         3.691487         3.744805         3.828448         3.874664         6.002582         6.016007         8.053862         8.055334         8.239577         8.252825
         0.518580       -12.487004       -12.476485       -12.238962       -12.238879        -5.891195        -5.882271        -5.073634        -5.070995        -4.274182        -4.270856        -3.415682        -3.405610        -2.088820        -2.083747        -1.685049        -1.624572        -0.767262        -0.669875         1.919082         1.963482         2.435931         2.531326         3.683998         3.729050         3.823149         3.859746         6.022043         6.037096         8.137210         8.138192         8.295205         8.308709
         0.521259       -12.481576       -12.469837       -12.234804       -12.234751        -5.871855        -5.861937        -5.089063        -5.085960        -4.267942        -4.264355        -3.416592        -3.405405        -2.088293        -2.083418        -1.762107        -1.702857        -0.751150        -0.651403         1.917296         1.966377         2.442775         2.547870         3.663385         3.690817         3.840049         3.857616         6.043302         6.059950         8.227270         8.227415         8.356768         8.369688
         0.523938       -12.475602       -12.462661       -12.230369       -12.230182        -5.850529        -5.839619        -5.105868        -5.102329        -4.261176        -4.257358        -3.416878        -3.404565        -2.088443        -2.084219        -1.841689        -1.784202        -0.735994        -0.634131         1.913960         1.967011         2.452484         2.566392         3.631004         3.644139         3.865603         3.867416         6.066210         6.084421         8.321162         8.323584         8.424487         8.435396
         0.526617       -12.469111       -12.454986       -12.225596       -12.225277        -5.827250        -5.815349        -5.123972        -5.120031        -4.253923        -4.249909        -3.416422        -3.402976        -2.089652        -2.087137        -1.922627        -1.867982        -0.721661        -0.617859         1.908839         1.964997         2.465278         2.586965         3.590859         3.594110         3.885540         3.895099         6.090651         6.110402         8.417577         8.424554         8.499484         8.505784
         0.529296       -12.462138       -12.446848       -12.220507       -12.220059        -5.802052        -5.789160        -5.143283        -5.138974        -4.246230        -4.242058        -3.415105        -3.400522        -2.096014        -2.092882        -2.000883        -1.953001        -0.707990        -0.602377         1.901750         1.960063         2.481257         2.609607         3.542508         3.546239         3.909047         3.927093         6.116508         6.137783         8.512368         8.527704         8.582501         8.584567
         0.531975       -12.454716       -12.438283       -12.215132       -12.214557        -5.774972        -5.761091        -5.163698        -5.159057        -4.238141        -4.233855        -3.412831        -3.397108        -2.130863        -2.103280        -2.056242        -2.033887        -0.694803        -0.587469         1.892568         1.952074         2.500386         2.634287         3.490267         3.499223         3.936154         3.960929         6.143679         6.166473         8.601404         8.626075         8.674000         8.682441
         0.534654       -12.446880       -12.429327       -12.209497       -12.208797        -5.746049        -5.731180        -5.185102        -5.180167        -4.229724        -4.225374        -3.409516        -3.392654        -2.205511        -2.152855        -2.078417        -2.074677        -0.681908        -0.572916         1.881231         1.941029         2.522511         2.660921         3.438031         3.451121         3.965803         3.996199         6.172056         6.196375         8.685024         8.715233         8.783531         8.790203
         0.537333       -12.438665       -12.420018       -12.203628       -12.202807        -5.715328        -5.699472        -5.207361        -5.202171        -4.221032        -4.216673        -3.405088        -3.387092        -2.292729        -2.238322        -2.089636        -2.083178        -0.669119        -0.558507         1.867745         1.927034         2.547383         2.689385         3.386302         3.402825         3.997304         4.032584         6.201582         6.227444         8.765234         8.782920         8.876219         8.888803
         0.540012       -12.430125       -12.410410       -12.197561       -12.196621        -5.682857        -5.666013        -5.230346        -5.224939        -4.212126        -4.207820        -3.399511        -3.380390        -2.383562        -2.330341        -2.096682        -2.090494        -0.656280        -0.544065         1.852124         1.910238         2.574668         2.719499         3.335493         3.354978         4.030129         4.069771         6.232168         6.259606         8.841674         8.846484         8.913051         9.019486
         0.542691       -12.421297       -12.400544       -12.191329       -12.190274        -5.648694        -5.630862        -5.253898        -5.248315        -4.203083        -4.198901        -3.392764        -3.372532        -2.476063        -2.424419        -2.103765        -2.098281        -0.643222        -0.529405         1.834465         1.890869         2.604023         2.751074         3.285961         3.308090         4.063885         4.107495         6.263752         6.292813         8.891864         8.910606         8.940528         9.120509
         0.545370       -12.412232       -12.390470       -12.184967       -12.183801        -5.612895        -5.594072        -5.277868        -5.272147        -4.193974        -4.189997        -3.384838        -3.363516        -2.569456        -2.519524        -2.111674        -2.107048        -0.629809        -0.514374         1.814876         1.869157         2.635073         2.783885         3.238024         3.262581         4.098211         4.145479         6.296278         6.327024         8.905012         8.948552         8.960333         8.963956
         0.548049       -12.402981       -12.380244       -12.178514       -12.177241        -5.575532        -5.555712        -5.302087        -5.296271        -4.184883        -4.181203        -3.375746        -3.353372        -2.663230        -2.615124        -2.120655        -2.116994        -0.615925        -0.498842         1.793492         1.845342         2.667432         2.817682         3.191958         3.218807         4.132783         4.183454         6.329676         6.362186         8.870458         8.953340         8.974546         8.982728
         0.550728       -12.393592       -12.369913       -12.172003       -12.170627        -5.536686        -5.515853        -5.326374        -5.320510        -4.175905        -4.172630        -3.365511        -3.342151        -2.756943        -2.710816        -2.130802        -2.128204        -0.601470        -0.482697         1.770491         1.819685         2.700720         2.852194         3.148049         3.177106         4.167307         4.221158         6.363927         6.398298         8.795518         8.885614         8.997855         9.004599
         0.553407       -12.384123       -12.359538       -12.165477       -12.164003        -5.496487        -5.474608        -5.350508        -5.344661        -4.167145        -4.164399        -3.354188        -3.329961        -2.850145        -2.806229        -2.142140        -2.140702        -0.586383        -0.465867         1.746045         1.792421         2.734508         2.887060         3.106585         3.137788         4.201495         4.258331         6.398960         6.435306         8.701857         8.790157         9.022197         9.028779
         0.556087       -12.374626       -12.349173       -12.158971       -12.157403        -5.455249        -5.432241        -5.374075        -5.368356        -4.158722        -4.156653        -3.341829        -3.316974        -2.942333        -2.901009        -2.154651        -2.154468        -0.570621        -0.448302         1.720362         1.763809         2.768327         2.921717         3.068058         3.101207         4.235091         4.294730         6.434724         6.473183         8.600696         8.685535         9.047742         9.054388
         0.558766       -12.365177       -12.338898       -12.152538       -12.150881        -5.416583        -5.397528        -5.393420        -5.382772        -4.150796        -4.149583        -3.328543        -3.303612        -3.032761        -2.994758        -2.169460        -2.168293        -0.554207        -0.430012         1.693653         1.734096         2.801519         2.954427         3.034016         3.067801         4.267809         4.330081         6.471136         6.511869         8.496717         8.577942         9.074328         9.081002
         0.561445       -12.355829       -12.328764       -12.146212       -12.144472        -5.423987        -5.416663        -5.364953        -5.341618        -4.143543        -4.143401        -3.314417        -3.291009        -3.119923        -3.087068        -2.185585        -2.182974        -0.537148        -0.411006         1.666166         1.703558         2.833133         2.973020         3.016517         3.038383         4.299424         4.364166         6.508131         6.551326         8.392339         8.470006         9.101705         9.108442
         0.564124       -12.346644       -12.318837       -12.140039       -12.138220        -5.445554        -5.438867        -5.320537        -5.295628        -4.138389        -4.137195        -3.299574        -3.285123        -3.197454        -3.177465        -2.202731        -2.198582        -0.519512        -0.391348         1.638163         1.672477         2.861351         2.954963         3.014553         3.037894         4.329704         4.396756         6.545622         6.591500         8.288879         8.363003         9.129680         9.136523
         0.566803       -12.337694       -12.309191       -12.134066       -12.132175        -5.466912        -5.460423        -5.274522        -5.248493        -4.134912        -4.132054        -3.319196        -3.284159        -3.265405        -3.231642        -2.220752        -2.214977        -0.501421        -0.371161         1.609917         1.641144         2.882376         2.928428         2.999837         3.069721         4.358427         4.427632         6.583483         6.632304         8.187264         8.257774         9.158084         9.165054
         0.569482       -12.329041       -12.299889       -12.128328       -12.126370        -5.487399        -5.481024        -5.227567        -5.200511        -4.133446        -4.128516        -3.390667        -3.350220        -3.268332        -3.224453        -2.239461        -2.231974        -0.483009        -0.350591         1.581744         1.609894         2.890668         2.902931         2.999549         3.102265         4.385413         4.456613         6.621616         6.673690         8.088275         8.155011         9.186730         9.193835
         0.572161       -12.320756       -12.291005       -12.122880       -12.120860        -5.506784        -5.500498        -5.179949        -5.151900        -4.134613        -4.127114        -3.465030        -3.431080        -3.252287        -3.209667        -2.258634        -2.249360        -0.464476        -0.329846         1.553967         1.579070         2.879644         2.885911         3.013671         3.134031         4.410477         4.483513         6.659797         6.715491         7.992557         8.055265         9.215368         9.222609
         0.574840       -12.312910       -12.282610       -12.117756       -12.115681        -5.524898        -5.518689        -5.131933        -5.102904        -4.139188        -4.128536        -3.535466        -3.506959        -3.236248        -3.193214        -2.278014        -2.266887        -0.446044        -0.309172         1.526941         1.549051         2.858834         2.874623         3.035373         3.164446         4.433461         4.508174         6.697816         6.757573         7.900792         7.959117         9.243705         9.251075
         0.577519       -12.305580       -12.274785       -12.113007       -12.110883        -5.541590        -5.535452        -5.083854        -5.053850        -4.148077        -4.133658        -3.599609        -3.576564        -3.220470        -3.176394        -2.297284        -2.284259        -0.428005        -0.288889         1.501044         1.520248         2.840560         2.861755         3.059331         3.193086         4.454227         4.530455         6.735349         6.799704         7.813703         7.867180         9.271388         9.278878
         0.580198       -12.298835       -12.267598       -12.108670       -12.106503        -5.556722        -5.550649        -5.036128        -5.005148        -4.162152        -4.143444        -3.655761        -3.638417        -3.205233        -3.159823        -2.316084        -2.301141        -0.410671        -0.269349         1.476678         1.493101         2.824808         2.849449         3.083035         3.219598         4.472672         4.550250         6.772009         6.841611         7.732090         7.780125         9.298016         9.305614
         0.582877       -12.292749       -12.261125       -12.104790       -12.102585        -5.570174        -5.564162        -4.989340        -4.957378        -4.181927        -4.158724        -3.702617        -3.691028        -3.190857        -3.143976        -2.334005        -2.317164        -0.394395        -0.250953         1.454267         1.468081         2.811522         2.838548         3.105237         3.243637         4.488699         4.567460         6.807167         6.882787         7.656873         7.698738         9.323108         9.330802
         0.585556       -12.287395       -12.255442       -12.101409       -12.099172        -5.581823        -5.575865        -4.944315        -4.911364        -4.207060        -4.179677        -3.739544        -3.733303        -3.177694        -3.129312        -2.350572        -2.331906        -0.379568        -0.234149         1.434231         1.445667         2.800615         2.829373         3.125177         3.264851         4.502257         4.582029         6.840053         6.922570         7.589224         7.624073         9.346119         9.353895
         0.588235       -12.282855       -12.250630       -12.098561       -12.096299        -5.591568        -5.585657        -4.902258        -4.868319        -4.235948        -4.205240        -3.766828        -3.765019        -3.166127        -3.116309        -2.365282        -2.344933        -0.366595        -0.219410         1.417006         1.426358         2.791988         2.822027         3.142317         3.282905         4.513307         4.593916         6.869614         6.959918         7.530551         7.557524         9.366437         9.374283
         0.590914       -12.279194       -12.246757       -12.096287       -12.094006        -5.599302        -5.593429        -4.864913        -4.830007        -4.265654        -4.232760        -3.786987        -3.785570        -3.156535        -3.105444        -2.377588        -2.355782        -0.355873        -0.207205         1.403012         1.410642         2.785531         2.816504         3.156228         3.297472         4.521841         4.603109         6.894455         6.993152         7.482517         7.501033         9.383422         9.391325
         0.593593       -12.276490       -12.243901       -12.094619       -12.092325        -5.604928        -5.599085        -4.834727        -4.798942        -4.292150        -4.258144        -3.800715        -3.797264        -3.149303        -3.097200        -2.386950        -2.364004        -0.347802        -0.198005         1.392644         1.398981         2.781101         2.812721         3.166538         3.308233         4.527873         4.609617         6.913098         7.019897         7.446989         7.457360         9.396380         9.404325
         0.596272       -12.274819       -12.242138       -12.093601       -12.091298        -5.608370        -5.602546        -4.814712        -4.778264        -4.310872        -4.276501        -3.807912        -3.803412        -3.144771        -3.092010        -2.392878        -2.369198        -0.342742        -0.192233         1.386228         1.391760         2.778536         2.810539         3.172923         3.314888         4.531439         4.613474         6.924321         7.037232         7.425408         7.429642         9.404600         9.412573
         0.598951       -12.274242       -12.241530       -12.093252       -12.090946        -5.609539        -5.603720        -4.807625        -4.770915        -4.317756        -4.283349        -3.810053        -3.805248        -3.143208        -3.090216        -2.394930        -2.370994        -0.340988        -0.190233         1.384033         1.389290         2.777717         2.809849         3.175116         3.317173         4.532620         4.614753         6.927901         7.043087         7.418309         7.420262         9.407498         9.415482
