# col1: k (Å^-1)
# col2-6 : 排序块 10..14（原始数据）
# col7-11 : 重连后的物理带（编号按 K 点能量顺序）
  0.000000    2.03314    2.03314    2.20491    2.20491    3.47973    2.20491    2.03314    2.20491    2.03314    3.47973   12   10   12   10   14
  0.010969    2.03260    2.03393    2.20363    2.20458    3.47999    2.20458    2.03393    2.20363    2.03260    3.47999   13   11   12   10   14
  0.021939    2.03097    2.03627    2.19990    2.20345    3.48095    2.19990    2.03097    2.20345    2.03627    3.48095   12   10   13   11   14
  0.032908    2.02828    2.04014    2.19373    2.20156    3.48288    2.19373    2.02828    2.20156    2.04014    3.48288   12   10   13   11   14
  0.043878    2.02455    2.04552    2.18520    2.19890    3.48592    2.18520    2.02455    2.19890    2.04552    3.48592   12   10   13   11   14
  0.054847    2.01979    2.05236    2.17439    2.19545    3.49001    2.17439    2.01979    2.19545    2.05236    3.49001   12   10   13   11   14
  0.065817    2.01402    2.06062    2.16142    2.19118    3.49485    2.16142    2.01402    2.19118    2.06062    3.49485   12   10   13   11   14
  0.076786    2.00729    2.07026    2.14640    2.18604    3.50005    2.14640    2.00729    2.18604    2.07026    3.50005   12   10   13   11   14
  0.087756    1.99966    2.08126    2.12946    2.18001    3.50539    2.12946    1.99966    2.18001    2.08126    3.50539   12   10   13   11   14
  0.098725    1.99126    2.09360    2.11072    2.17307    3.51110    2.11072    1.99126    2.17307    2.09360    3.51110   12   10   13   11   14
  0.109694    1.98222    2.09020    2.10737    2.16525    3.51774    2.09020    1.98222    2.16525    2.10737    3.51774   11   10   13   12   14
  0.120664    1.97269    2.06813    2.12243    2.15662    3.52597    2.06813    1.97269    2.15662    2.12243    3.52597   11   10   13   12   14
  0.131633    1.96282    2.04453    2.13886    2.14727    3.53626    2.04453    1.96282    2.14727    2.13886    3.53626   11   10   13   12   14
  0.142603    1.95272    2.01952    2.13719    2.15673    3.54875    2.01952    1.95272    2.13719    2.15673    3.54875   11   10   12   13   14
  0.153572    1.94244    1.99327    2.12659    2.17590    3.56323    1.99327    1.94244    2.12659    2.17590    3.56323   11   10   12   13   14
  0.164542    1.93204    1.96598    2.11543    2.19638    3.57928    1.96598    1.93204    2.11543    2.19638    3.57928   11   10   12   13   14
  0.175511    1.92153    1.93786    2.10373    2.21811    3.59638    1.93786    1.92153    2.10373    2.21811    3.59638   11   10   12   13   14
  0.186481    1.90901    1.91105    2.09147    2.24101    3.61409    1.90901    1.91105    2.09147    2.24101    3.61409   10   11   12   13   14
  0.197450    1.87998    1.90032    2.07864    2.26500    3.63205    1.87998    1.90032    2.07864    2.26500    3.63205   10   11   12   13   14
  0.208419    1.85063    1.88968    2.06523    2.29003    3.65000    1.85063    1.88968    2.06523    2.29003    3.65000   10   11   12   13   14
  0.219389    1.82120    1.87915    2.05125    2.31604    3.66766    1.82120    1.87915    2.05125    2.31604    3.66766   10   11   12   13   14
  0.230358    1.79178    1.86885    2.03673    2.34298    3.68483    1.79178    1.86885    2.03673    2.34298    3.68483   10   11   12   13   14
  0.241328    1.76247    1.85891    2.02174    2.37083    3.70153    1.76247    1.85891    2.02174    2.37083    3.70153   10   11   12   13   14
  0.252297    1.73335    1.84950    2.00634    2.39958    3.71822    1.73335    1.84950    2.00634    2.39958    3.71822   10   11   12   13   14
  0.263267    1.70448    1.84080    1.99062    2.42921    3.73580    1.70448    1.84080    1.99062    2.42921    3.73580   10   11   12   13   14
  0.274236    1.67595    1.83293    1.97466    2.45971    3.75516    1.67595    1.83293    1.97466    2.45971    3.75516   10   11   12   13   14
  0.285206    1.64786    1.82599    1.95857    2.49107    3.77686    1.64786    1.82599    1.95857    2.49107    3.77686   10   11   12   13   14
  0.296175    1.62027    1.82004    1.94243    2.52322    3.80106    1.62027    1.82004    1.94243    2.52322    3.80106   10   11   12   13   14
  0.307144    1.59326    1.81504    1.92633    2.55610    3.82772    1.59326    1.81504    1.92633    2.55610    3.82772   10   11   12   13   14
  0.318114    1.56688    1.81095    1.91037    2.58962    3.85699    1.56688    1.81095    1.91037    2.58962    3.85699   10   11   12   13   14
  0.329083    1.54116    1.80766    1.89463    2.62367    3.88962    1.54116    1.80766    1.89463    2.62367    3.88962   10   11   12   13   14
  0.340053    1.51611    1.80509    1.87916    2.65813    3.92721    1.51611    1.80509    1.87916    2.65813    3.92721   10   11   12   13   14
  0.351022    1.49173    1.80315    1.86403    2.69289    3.97206    1.49173    1.80315    1.86403    2.69289    3.97206   10   11   12   13   14
  0.361992    1.46803    1.80181    1.84928    2.72787    4.02680    1.46803    1.80181    1.84928    2.72787    4.02680   10   11   12   13   14
  0.372961    1.44498    1.80106    1.83496    2.76299    4.09365    1.44498    1.80106    1.83496    2.76299    4.09365   10   11   12   13   14
  0.383931    1.42259    1.80094    1.82116    2.79821    4.17373    1.42259    1.80094    1.82116    2.79821    4.17373   10   11   12   13   14
  0.394900    1.40084    1.80150    1.80797    2.83352    4.26656    1.40084    1.80150    1.80797    2.83352    4.26656   10   11   12   13   14
  0.405869    1.37976    1.79532    1.80303    2.86892    4.37008    1.37976    1.80303    1.79532    2.86892    4.37008   10   12   11   13   14
  0.416839    1.35937    1.78364    1.80530    2.90442    4.48109    1.35937    1.80530    1.78364    2.90442    4.48109   10   12   11   13   14
  0.427808    1.33969    1.77289    1.80858    2.94004    4.59596    1.33969    1.80858    1.77289    2.94004    4.59596   10   12   11   13   14
  0.438778    1.32076    1.76322    1.81291    2.97578    4.71148    1.32076    1.81291    1.76322    2.97578    4.71148   10   12   11   13   14
  0.449747    1.30261    1.75474    1.81829    3.01164    4.82547    1.30261    1.81829    1.75474    3.01164    4.82547   10   12   11   13   14
  0.460717    1.28525    1.74754    1.82472    3.04757    4.93702    1.28525    1.82472    1.74754    3.04757    4.93702   10   12   11   13   14
  0.471686    1.26867    1.74168    1.83211    3.08348    5.04644    1.26867    1.83211    1.74168    3.08348    5.04644   10   12   11   13   14
  0.482656    1.25282    1.73720    1.84039    3.11927    5.15497    1.25282    1.84039    1.73720    3.11927    5.15497   10   12   11   13   14
  0.493625    1.23766    1.73412    1.84945    3.15480    5.26427    1.23766    1.84945    1.73412    3.15480    5.26427   10   12   11   13   14
  0.504594    1.22312    1.73244    1.85918    3.18993    5.37596    1.22312    1.85918    1.73244    3.18993    5.37596   10   12   11   13   14
  0.515564    1.20915    1.73213    1.86951    3.22453    5.49126    1.20915    1.86951    1.73213    3.22453    5.49126   10   12   11   13   14
  0.526533    1.19574    1.73316    1.88037    3.25847    5.61068    1.19574    1.88037    1.73316    3.25847    5.61068   10   12   11   13   14
  0.537503    1.18290    1.73546    1.89176    3.29168    5.73387    1.18290    1.89176    1.73546    3.29168    5.73387   10   12   11   13   14
  0.548472    1.17071    1.73896    1.90367    3.32411    5.85967    1.17071    1.90367    1.73896    3.32411    5.85967   10   12   11   13   14
  0.559442    1.15928    1.74357    1.91614    3.35574    5.98615    1.15928    1.91614    1.74357    3.35574    5.98615   10   12   11   13   14
  0.570411    1.14876    1.74921    1.92920    3.38662    6.11097    1.14876    1.92920    1.74921    3.38662    6.11097   10   12   11   13   14
  0.581381    1.13934    1.75582    1.94288    3.41679    6.23170    1.13934    1.94288    1.75582    3.41679    6.23170   10   12   11   13   14
  0.592350    1.13117    1.76335    1.95716    3.44636    6.34626    1.13117    1.95716    1.76335    3.44636    6.34626   10   12   11   13   14
  0.603319    1.12439    1.77177    1.97202    3.47540    6.45335    1.12439    1.97202    1.77177    3.47540    6.45335   10   12   11   13   14
  0.614289    1.11910    1.78104    1.98739    3.50397    6.55263    1.11910    1.98739    1.78104    3.50397    6.55263   10   12   11   13   14
  0.625258    1.11535    1.79116    2.00320    3.53209    6.64490    1.11535    2.00320    1.79116    3.53209    6.64490   10   12   11   13   14
  0.636228    1.11311    1.80208    2.01936    3.55973    6.73187    1.11311    2.01936    1.80208    3.55973    6.73187   10   12   11   13   14
  0.647197    1.11234    1.81377    2.03582    3.58680    6.81586    1.11234    2.03582    1.81377    3.58680    6.81586   10   12   11   13   14
  0.658167    1.11294    1.82618    2.05250    3.61315    6.89931    1.11294    2.05250    1.82618    3.61315    6.89931   10   12   11   13   14
  0.669136    1.11481    1.83925    2.06940    3.63861    6.98430    1.11481    2.06940    1.83925    3.63861    6.98430   10   12   11   13   14
  0.680106    1.11786    1.85290    2.08649    3.66301    7.07212    1.11786    2.08649    1.85290    3.66301    7.07212   10   12   11   13   14
  0.691075    1.12202    1.86704    2.10380    3.68619    7.16291    1.12202    2.10380    1.86704    3.68619    7.16291   10   12   11   13   14
  0.702044    1.12727    1.88158    2.12135    3.70805    7.25553    1.12727    2.12135    1.88158    3.70805    7.25553   10   12   11   13   14
  0.713014    1.13360    1.89641    2.13915    3.72856    7.34763    1.13360    2.13915    1.89641    3.72856    7.34763   10   12   11   13   14
  0.723983    1.14106    1.91142    2.15720    3.74778    7.43588    1.14106    2.15720    1.91142    3.74778    7.43588   10   12   11   13   14
  0.734953    1.14972    1.92653    2.17549    3.76584    7.51633    1.14972    2.17549    1.92653    3.76584    7.51633   10   12   11   13   14
  0.745922    1.15962    1.94164    2.19394    3.78297    7.58488    1.15962    2.19394    1.94164    3.78297    7.58488   10   12   11   13   14
  0.756892    1.17085    1.95669    2.21247    3.79941    7.63780    1.17085    2.21247    1.95669    3.79941    7.63780   10   12   11   13   14
  0.767861    1.18342    1.97162    2.23093    3.81544    7.67216    1.18342    2.23093    1.97162    3.81544    7.67216   10   12   11   13   14
  0.778831    1.19732    1.98639    2.24920    3.83127    7.68619    1.19732    2.24920    1.98639    3.83127    7.68619   10   12   11   13   14
  0.789800    1.21250    2.00097    2.26714    3.84706    7.67957    1.21250    2.26714    2.00097    3.84706    7.67957   10   12   11   13   14
  0.800770    1.22884    2.01538    2.28464    3.86283    7.65352    1.22884    2.28464    2.01538    3.86283    7.65352   10   12   11   13   14
  0.811739    1.24620    2.02963    2.30160    3.87851    7.61083    1.24620    2.30160    2.02963    3.87851    7.61083   10   12   11   13   14
  0.822708    1.26436    2.04376    2.31799    3.89393    7.55561    1.26436    2.31799    2.04376    3.89393    7.55561   10   12   11   13   14
  0.833678    1.28310    2.05784    2.33379    3.90887    7.49295    1.28310    2.33379    2.05784    3.90887    7.49295   10   12   11   13   14
  0.844647    1.30220    2.07192    2.34901    3.92309    7.42834    1.30220    2.34901    2.07192    3.92309    7.42834   10   12   11   13   14
  0.855617    1.32143    2.08606    2.36367    3.93643    7.36704    1.32143    2.36367    2.08606    3.93643    7.36704   10   12   11   13   14
  0.866586    1.34057    2.10030    2.37779    3.94878    7.31351    1.34057    2.37779    2.10030    3.94878    7.31351   10   12   11   13   14
  0.877556    1.35942    2.11467    2.39138    3.96020    7.27088    1.35942    2.39138    2.11467    3.96020    7.27088   10   12   11   13   14
  0.888525    1.37774    2.12921    2.40442    3.97085    7.24072    1.37774    2.40442    2.12921    3.97085    7.24072   10   12   11   13   14
  0.899495    1.39529    2.14399    2.41687    3.98104    7.22295    1.39529    2.41687    2.14399    3.98104    7.22295   10   12   11   13   14
  0.910464    1.41178    2.15913    2.42866    3.99114    7.21604    1.41178    2.42866    2.15913    3.99114    7.21604   10   12   11   13   14
  0.921433    1.42684    2.17481    2.43973    4.00158    7.21738    1.42684    2.43973    2.17481    4.00158    7.21738   10   12   11   13   14
  0.932403    1.44008    2.19127    2.44998    4.01272    7.22372    1.44008    2.44998    2.19127    4.01272    7.22372   10   12   11   13   14
  0.943372    1.45113    2.20879    2.45935    4.02485    7.23172    1.45113    2.45935    2.20879    4.02485    7.23172   10   12   11   13   14
  0.954342    1.45962    2.22763    2.46779    4.03808    7.23837    1.45962    2.46779    2.22763    4.03808    7.23837   10   12   11   13   14
  0.965311    1.46527    2.24804    2.47527    4.05237    7.24133    1.46527    2.47527    2.24804    4.05237    7.24133   10   12   11   13   14
  0.976281    1.46793    2.27018    2.48178    4.06752    7.23913    1.46793    2.48178    2.27018    4.06752    7.23913   10   12   11   13   14
  0.987250    1.46755    2.29414    2.48732    4.08320    7.23118    1.46755    2.48732    2.29414    4.08320    7.23118   10   12   11   13   14
  0.998220    1.46422    2.31991    2.49189    4.09905    7.21770    1.46422    2.49189    2.31991    4.09905    7.21770   10   12   11   13   14
  1.009189    1.45810    2.34737    2.49549    4.11472    7.19953    1.45810    2.49549    2.34737    4.11472    7.19953   10   12   11   13   14
  1.020158    1.44941    2.37638    2.49812    4.12992    7.17793    1.44941    2.49812    2.37638    4.12992    7.17793   10   12   11   13   14
  1.031128    1.43840    2.40670    2.49979    4.14453    7.15427    1.43840    2.49979    2.40670    4.14453    7.15427   10   12   11   13   14
  1.042097    1.42531    2.43807    2.50048    4.15855    7.12980    1.42531    2.50048    2.43807    4.15855    7.12980   10   12   11   13   14
  1.053067    1.41038    2.47020    2.50024    4.17210    7.10547    1.41038    2.50024    2.47020    4.17210    7.10547   10   12   11   13   14
  1.064036    1.39380    2.49908    2.50281    4.18546    7.08183    1.39380    2.49908    2.50281    4.18546    7.08183   10   11   12   13   14
  1.075006    1.37574    2.49715    2.53555    4.19892    7.05899    1.37574    2.49715    2.53555    4.19892    7.05899   10   11   12   13   14
  1.085975    1.35635    2.49453    2.56819    4.21278    7.03670    1.35635    2.49453    2.56819    4.21278    7.03670   10   11   12   13   14
  1.096944    1.33578    2.49137    2.60051    4.22727    7.01450    1.33578    2.49137    2.60051    4.22727    7.01450   10   11   12   13   14
  1.107914    1.31415    2.48783    2.63230    4.24248    6.99189    1.31415    2.48783    2.63230    4.24248    6.99189   10   11   12   13   14
  1.118883    1.29161    2.48408    2.66343    4.25837    6.96846    1.29161    2.48408    2.66343    4.25837    6.96846   10   11   12   13   14
  1.129853    1.26835    2.48024    2.69380    4.27474    6.94408    1.26835    2.48024    2.69380    4.27474    6.94408   10   11   12   13   14
  1.140822    1.24458    2.47639    2.72330    4.29127    6.91891    1.24458    2.47639    2.72330    4.29127    6.91891   10   11   12   13   14
  1.151792    1.22055    2.47256    2.75186    4.30760    6.89346    1.22055    2.47256    2.75186    4.30760    6.89346   10   11   12   13   14
  1.162761    1.19658    2.46875    2.77933    4.32335    6.86851    1.19658    2.46875    2.77933    4.32335    6.86851   10   11   12   13   14
  1.173731    1.17298    2.46489    2.80560    4.33818    6.84502    1.17298    2.46489    2.80560    4.33818    6.84502   10   11   12   13   14
  1.184700    1.15010    2.46091    2.83047    4.35184    6.82394    1.15010    2.46091    2.83047    4.35184    6.82394   10   11   12   13   14
  1.195669    1.12824    2.45676    2.85375    4.36421    6.80610    1.12824    2.45676    2.85375    4.36421    6.80610   10   11   12   13   14
  1.206639    1.10770    2.45238    2.87525    4.37527    6.79208    1.10770    2.45238    2.87525    4.37527    6.79208   10   11   12   13   14
  1.217608    1.08869    2.44781    2.89478    4.38512    6.78207    1.08869    2.44781    2.89478    4.38512    6.78207   10   11   12   13   14
  1.228578    1.07139    2.44309    2.91221    4.39389    6.77588    1.07139    2.44309    2.91221    4.39389    6.77588   10   11   12   13   14
  1.239547    1.05591    2.43837    2.92744    4.40175    6.77299    1.05591    2.43837    2.92744    4.40175    6.77299   10   11   12   13   14
  1.250517    1.04233    2.43382    2.94043    4.40883    6.77262    1.04233    2.43382    2.94043    4.40883    6.77262   10   11   12   13   14
  1.261486    1.03069    2.42963    2.95119    4.41520    6.77388    1.03069    2.42963    2.95119    4.41520    6.77388   10   11   12   13   14
  1.272456    1.02101    2.42600    2.95977    4.42084    6.77592    1.02101    2.42600    2.95977    4.42084    6.77592   10   11   12   13   14
  1.283425    1.01334    2.42308    2.96626    4.42562    6.77801    1.01334    2.42308    2.96626    4.42562    6.77801   10   11   12   13   14
  1.294394    1.00772    2.42099    2.97075    4.42937    6.77961    1.00772    2.42099    2.97075    4.42937    6.77961   10   11   12   13   14
  1.305364    1.00423    2.41977    2.97333    4.43187    6.78046    1.00423    2.41977    2.97333    4.43187    6.78046   10   11   12   13   14
  1.316333    1.00293    2.41941    2.97408    4.43290    6.78045    1.00293    2.41941    2.97408    4.43290    6.78045   10   11   12   13   14
  1.327303    1.00387    2.41983    2.97314    4.43236    6.77946    1.00387    2.41983    2.97314    4.43236    6.77946   10   11   12   13   14
  1.338272    1.00706    2.42095    2.97060    4.43023    6.77747    1.00706    2.42095    2.97060    4.43023    6.77747   10   11   12   13   14
  1.349242    1.01254    2.42272    2.96645    4.42642    6.77462    1.01254    2.42272    2.96645    4.42642    6.77462   10   11   12   13   14
  1.360211    1.02030    2.42512    2.96066    4.42092    6.77102    1.02030    2.42512    2.96066    4.42092    6.77102   10   11   12   13   14
  1.371181    1.03026    2.42821    2.95322    4.41378    6.76671    1.03026    2.42821    2.95322    4.41378    6.76671   10   11   12   13   14
  1.382150    1.04230    2.43209    2.94411    4.40509    6.76163    1.04230    2.43209    2.94411    4.40509    6.76163   10   11   12   13   14
  1.393120    1.05622    2.43690    2.93340    4.39496    6.75570    1.05622    2.43690    2.93340    4.39496    6.75570   10   11   12   13   14
  1.404089    1.07179    2.44284    2.92115    4.38349    6.74884    1.07179    2.44284    2.92115    4.38349    6.74884   10   11   12   13   14
  1.415058    1.08877    2.45010    2.90751    4.37073    6.74104    1.08877    2.45010    2.90751    4.37073    6.74104   10   11   12   13   14
  1.426028    1.10693    2.45887    2.89262    4.35669    6.73236    1.10693    2.45887    2.89262    4.35669    6.73236   10   11   12   13   14
  1.436997    1.12606    2.46928    2.87667    4.34131    6.72288    1.12606    2.46928    2.87667    4.34131    6.72288   10   11   12   13   14
  1.447967    1.14600    2.48137    2.85983    4.32453    6.71272    1.14600    2.48137    2.85983    4.32453    6.71272   10   11   12   13   14
  1.458936    1.16663    2.49512    2.84228    4.30626    6.70195    1.16663    2.49512    2.84228    4.30626    6.70195   10   11   12   13   14
  1.469906    1.18787    2.51041    2.82414    4.28644    6.69061    1.18787    2.51041    2.82414    4.28644    6.69061   10   11   12   13   14
  1.480875    1.20968    2.52704    2.80554    4.26504    6.67868    1.20968    2.52704    2.80554    4.26504    6.67868   10   11   12   13   14
  1.491845    1.23205    2.54479    2.78652    4.24209    6.66605    1.23205    2.54479    2.78652    4.24209    6.66605   10   11   12   13   14
  1.502814    1.25495    2.56345    2.76712    4.21771    6.65257    1.25495    2.56345    2.76712    4.21771    6.65257   10   11   12   13   14
  1.513783    1.27833    2.58281    2.74735    4.19204    6.63808    1.27833    2.58281    2.74735    4.19204    6.63808   10   11   12   13   14
  1.524753    1.30213    2.60276    2.72720    4.16525    6.62245    1.30213    2.60276    2.72720    4.16525    6.62245   10   11   12   13   14
  1.535722    1.32622    2.62326    2.70667    4.13753    6.60563    1.32622    2.62326    2.70667    4.13753    6.60563   10   11   12   13   14
  1.546692    1.35043    2.64438    2.68579    4.10902    6.58768    1.35043    2.64438    2.68579    4.10902    6.58768   10   11   12   13   14
  1.557661    1.37457    2.66433    2.66656    4.07982    6.56882    1.37457    2.66656    2.66433    4.07982    6.56882   10   12   11   13   14
  1.568631    1.39845    2.64318    2.68921    4.04993    6.54940    1.39845    2.68921    2.64318    4.04993    6.54940   10   12   11   13   14
  1.579600    1.42186    2.62166    2.71341    4.01930    6.52982    1.42186    2.71341    2.62166    4.01930    6.52982   10   12   11   13   14
  1.590570    1.44464    2.60016    2.73918    3.98782    6.51049    1.44464    2.73918    2.60016    3.98782    6.51049   10   12   11   13   14
  1.601539    1.46667    2.57882    2.76677    3.95538    6.49175    1.46667    2.76677    2.57882    3.95538    6.49175   10   12   11   13   14
  1.612508    1.48788    2.55778    2.79634    3.92188    6.47378    1.48788    2.79634    2.55778    3.92188    6.47378   10   12   11   13   14
  1.623478    1.50825    2.53717    2.82792    3.88736    6.45663    1.50825    2.82792    2.53717    3.88736    6.45663   10   12   11   13   14
  1.634447    1.52783    2.51710    2.86139    3.85195    6.44012    1.52783    2.86139    2.51710    3.85195    6.44012   10   12   11   13   14
  1.645417    1.54666    2.49764    2.89647    3.81598    6.42393    1.54666    2.89647    2.49764    3.81598    6.42393   10   12   11   13   14
  1.656386    1.56485    2.47883    2.93275    3.77989    6.40761    1.56485    2.93275    2.47883    3.77989    6.40761   10   12   11   13   14
  1.667356    1.58245    2.46066    2.96969    3.74426    6.39062    1.58245    2.96969    2.46066    3.74426    6.39062   10   12   11   13   14
  1.678325    1.59951    2.44309    3.00671    3.70972    6.37242    1.59951    3.00671    2.44309    3.70972    6.37242   10   12   11   13   14
  1.689295    1.61603    2.42607    3.04321    3.67689    6.35258    1.61603    3.04321    2.42607    3.67689    6.35258   10   12   11   13   14
  1.700264    1.63193    2.40956    3.07868    3.64628    6.33083    1.63193    3.07868    2.40956    3.64628    6.33083   10   12   11   13   14
  1.711234    1.64710    2.39353    3.11270    3.61822    6.30715    1.64710    3.11270    2.39353    3.61822    6.30715   10   12   11   13   14
  1.722203    1.66140    2.37797    3.14504    3.59282    6.28178    1.66140    3.14504    2.37797    3.59282    6.28178   10   12   11   13   14
  1.733172    1.67465    2.36292    3.17570    3.56990    6.25522    1.67465    3.17570    2.36292    3.56990    6.25522   10   12   11   13   14
  1.744142    1.68671    2.34844    3.20489    3.54909    6.22812    1.68671    3.20489    2.34844    3.54909    6.22812   10   12   11   13   14
  1.755111    1.69749    2.33462    3.23299    3.52984    6.20128    1.69749    3.23299    2.33462    3.52984    6.20128   10   12   11   13   14
  1.766081    1.70695    2.32155    3.26039    3.51162    6.17544    1.70695    3.26039    2.32155    3.51162    6.17544   10   12   11   13   14
  1.777050    1.71512    2.30933    3.28736    3.49411    6.15130    1.71512    3.28736    2.30933    3.49411    6.15130   10   12   11   13   14
  1.788020    1.72210    2.29803    3.31352    3.47771    6.12934    1.72210    3.31352    2.29803    3.47771    6.12934   10   12   11   13   14
  1.798989    1.72805    2.28772    3.33687    3.46449    6.10987    1.72805    3.33687    2.28772    3.46449    6.10987   10   12   11   13   14
  1.809959    1.73315    2.27842    3.35176    3.46021    6.09291    1.73315    3.35176    2.27842    3.46021    6.09291   10   12   11   13   14
  1.820928    1.73760    2.27012    3.35113    3.47206    6.07826    1.73760    3.35113    2.27012    3.47206    6.07826   10   12   11   13   14
  1.831897    1.74156    2.26275    3.33688    3.49819    6.06551    1.74156    3.33688    2.26275    3.49819    6.06551   10   12   11   13   14
  1.842867    1.74513    2.25626    3.31585    3.53174    6.05412    1.74513    3.31585    2.25626    3.53174    6.05412   10   12   11   13   14
  1.853836    1.74839    2.25057    3.29228    3.56832    6.04347    1.74839    3.29228    2.25057    3.56832    6.04347   10   12   11   13   14
  1.864806    1.75132    2.24557    3.26845    3.60539    6.03300    1.75132    3.26845    2.24557    3.60539    6.03300   10   12   11   13   14
  1.875775    1.75388    2.24121    3.24580    3.64114    6.02225    1.75388    3.24580    2.24121    3.64114    6.02225   10   12   11   13   14
  1.886745    1.75600    2.23740    3.22533    3.67411    6.01100    1.75600    3.22533    2.23740    3.67411    6.01100   10   12   11   13   14
  1.897714    1.75764    2.23410    3.20775    3.70319    5.99925    1.75764    3.20775    2.23410    3.70319    5.99925   10   12   11   13   14
  1.908683    1.75879    2.23127    3.19344    3.72763    5.98726    1.75879    3.19344    2.23127    3.72763    5.98726   10   12   11   13   14
  1.919653    1.75947    2.22889    3.18247    3.74712    5.97552    1.75947    3.18247    2.22889    3.74712    5.97552   10   12   11   13   14
  1.930622    1.75978    2.22693    3.17462    3.76179    5.96463    1.75978    3.17462    2.22693    3.76179    5.96463   10   12   11   13   14
  1.941592    1.75982    2.22539    3.16944    3.77210    5.95525    1.75982    3.16944    2.22539    3.77210    5.95525   10   12   11   13   14
  1.952561    1.75974    2.22429    3.16635    3.77873    5.94803    1.75974    3.16635    2.22429    3.77873    5.94803   10   12   11   13   14
  1.963531    1.75963    2.22363    3.16480    3.78237    5.94347    1.75963    3.16480    2.22363    3.78237    5.94347   10   12   11   13   14
  1.974500    1.75959    2.22340    3.16435    3.78352    5.94191    1.75959    3.16435    2.22340    3.78352    5.94191   10   12   11   13   14
  1.985461    1.75925    2.22246    3.16392    3.78335    5.94409    1.75925    3.16392    2.22246    3.78335    5.94409   10   12   11   13   14
  1.996423    1.75825    2.21965    3.16272    3.78285    5.95055    1.75825    3.16272    2.21965    3.78285    5.95055   10   12   11   13   14
  2.007384    1.75662    2.21513    3.16083    3.78200    5.96099    1.75662    3.16083    2.21513    3.78200    5.96099   10   12   11   13   14
  2.018346    1.75441    2.20905    3.15836    3.78079    5.97501    1.75441    3.15836    2.20905    3.78079    5.97501   10   12   11   13   14
  2.029307    1.75166    2.20159    3.15540    3.77920    5.99222    1.75166    3.15540    2.20159    3.77920    5.99222   10   12   11   13   14
  2.040268    1.74845    2.19287    3.15203    3.77722    6.01238    1.74845    3.15203    2.19287    3.77722    6.01238   10   12   11   13   14
  2.051229    1.74479    2.18295    3.14825    3.77484    6.03552    1.74479    3.14825    2.18295    3.77484    6.03552   10   12   11   13   14
  2.062191    1.74072    2.17183    3.14402    3.77205    6.06196    1.74072    3.14402    2.17183    3.77205    6.06196   10   12   11   13   14
  2.073152    1.73623    2.15946    3.13923    3.76885    6.09224    1.73623    3.13923    2.15946    3.76885    6.09224   10   12   11   13   14
  2.084113    1.73132    2.14577    3.13373    3.76526    6.12688    1.73132    3.13373    2.14577    3.76526    6.12688   10   12   11   13   14
  2.095075    1.72597    2.13074    3.12740    3.76128    6.16611    1.72597    3.12740    2.13074    3.76128    6.16611   10   12   11   13   14
  2.106036    1.72015    2.11442    3.12010    3.75693    6.20957    1.72015    3.12010    2.11442    3.75693    6.20957   10   12   11   13   14
  2.116998    1.71384    2.09690    3.11177    3.75223    6.25622    1.71384    3.11177    2.09690    3.75223    6.25622   10   12   11   13   14
  2.127959    1.70707    2.07840    3.10241    3.74718    6.30438    1.70707    3.10241    2.07840    3.74718    6.30438   10   12   11   13   14
  2.138920    1.69984    2.05913    3.09207    3.74179    6.35191    1.69984    3.09207    2.05913    3.74179    6.35191   10   12   11   13   14
  2.149882    1.69222    2.03936    3.08085    3.73605    6.39652    1.69222    3.08085    2.03936    3.73605    6.39652   10   12   11   13   14
  2.160843    1.68428    2.01928    3.06886    3.72994    6.43622    1.68428    3.06886    2.01928    3.72994    6.43622   10   12   11   13   14
  2.171804    1.67613    1.99901    3.05619    3.72345    6.46967    1.67613    3.05619    1.99901    3.72345    6.46967   10   12   11   13   14
  2.182766    1.66789    1.97857    3.04290    3.71654    6.49675    1.66789    3.04290    1.97857    3.71654    6.49675   10   12   11   13   14
  2.193727    1.65969    1.95789    3.02896    3.70918    6.51890    1.65969    3.02896    1.95789    3.70918    6.51890   10   12   11   13   14
  2.204688    1.65165    1.93683    3.01430    3.70133    6.53931    1.65165    3.01430    1.93683    3.70133    6.53931   10   12   11   13   14
  2.215650    1.64390    1.91522    2.99881    3.69297    6.56255    1.64390    2.99881    1.91522    3.69297    6.56255   10   12   11   13   14
  2.226611    1.63651    1.89295    2.98234    3.68408    6.59366    1.63651    2.98234    1.89295    3.68408    6.59366   10   12   11   13   14
  2.237572    1.62955    1.86997    2.96480    3.67465    6.63707    1.62955    2.96480    1.86997    3.67465    6.63707   10   12   11   13   14
  2.248534    1.62302    1.84634    2.94611    3.66468    6.69542    1.62302    2.94611    1.84634    3.66468    6.69542   10   12   11   13   14
  2.259495    1.61690    1.82225    2.92629    3.65418    6.76880    1.61690    2.92629    1.82225    3.65418    6.76880   10   12   11   13   14
  2.270456    1.61111    1.79798    2.90542    3.64317    6.85439    1.61111    2.90542    1.79798    3.64317    6.85439   10   12   11   13   14
  2.281418    1.60559    1.77385    2.88365    3.63168    6.94644    1.60559    2.88365    1.77385    3.63168    6.94644   10   12   11   13   14
  2.292379    1.60026    1.75019    2.86116    3.61973    7.03665    1.60026    2.86116    1.75019    3.61973    7.03665   10   12   11   13   14
  2.303340    1.59506    1.72727    2.83815    3.60734    7.11471    1.59506    2.83815    1.72727    3.60734    7.11471   10   12   11   13   14
  2.314302    1.58996    1.70526    2.81478    3.59453    7.16973    1.58996    2.81478    1.70526    3.59453    7.16973   10   12   11   13   14
  2.325263    1.58496    1.68423    2.79114    3.58128    7.19312    1.58496    2.79114    1.68423    3.58128    7.19312   10   12   11   13   14
  2.336224    1.58010    1.66410    2.76726    3.56757    7.18218    1.58010    2.76726    1.66410    3.56757    7.18218   10   12   11   13   14
  2.347186    1.57550    1.64471    2.74309    3.55339    7.14077    1.57550    2.74309    1.64471    3.55339    7.14077   10   12   11   13   14
  2.358147    1.57129    1.62584    2.71849    3.53868    7.07651    1.57129    2.71849    1.62584    3.53868    7.07651   10   12   11   13   14
  2.369108    1.56765    1.60722    2.69333    3.52340    6.99791    1.56765    2.69333    1.60722    3.52340    6.99791   10   12   11   13   14
  2.380070    1.56474    1.58865    2.66745    3.50751    6.91313    1.56474    2.66745    1.58865    3.50751    6.91313   10   12   11   13   14
  2.391031    1.56255    1.57019    2.64076    3.49098    6.82941    1.56255    2.64076    1.57019    3.49098    6.82941   10   12   11   13   14
  2.401992    1.55063    1.56234    2.61322    3.47377    6.75253    1.56234    2.61322    1.55063    3.47377    6.75253   11   12   10   13   14
  2.412954    1.53177    1.56246    2.58489    3.45588    6.68624    1.56246    2.58489    1.53177    3.45588    6.68624   11   12   10   13   14
  2.423915    1.51286    1.56382    2.55589    3.43733    6.63183    1.56382    2.55589    1.51286    3.43733    6.63183   11   12   10   13   14
  2.434876    1.49427    1.56622    2.52643    3.41814    6.58807    1.56622    2.52643    1.49427    3.41814    6.58807   11   12   10   13   14
  2.445838    1.47629    1.56951    2.49674    3.39835    6.55160    1.56951    2.49674    1.47629    3.39835    6.55160   11   12   10   13   14
  2.456799    1.45919    1.57351    2.46705    3.37800    6.51755    1.57351    2.46705    1.45919    3.37800    6.51755   11   12   10   13   14
  2.467760    1.44322    1.57804    2.43757    3.35714    6.48053    1.57804    2.43757    1.44322    3.35714    6.48053   11   12   10   13   14
  2.478722    1.42852    1.58295    2.40846    3.33580    6.43549    1.58295    2.40846    1.42852    3.33580    6.43549   11   12   10   13   14
  2.489683    1.41515    1.58814    2.37979    3.31400    6.37852    1.58814    2.37979    1.41515    3.31400    6.37852   11   12   10   13   14
  2.500644    1.40310    1.59358    2.35158    3.29175    6.30730    1.59358    2.35158    1.40310    3.29175    6.30730   11   12   10   13   14
  2.511606    1.39231    1.59930    2.32381    3.26904    6.22135    1.59930    2.32381    1.39231    3.26904    6.22135   11   12   10   13   14
  2.522567    1.38265    1.60539    2.29640    3.24586    6.12200    1.60539    2.29640    1.38265    3.24586    6.12200   11   12   10   13   14
  2.533529    1.37403    1.61197    2.26931    3.22218    6.01211    1.61197    2.26931    1.37403    3.22218    6.01211   11   12   10   13   14
  2.544490    1.36638    1.61916    2.24249    3.19798    5.89558    1.61916    2.24249    1.36638    3.19798    5.89558   11   12   10   13   14
  2.555451    1.35967    1.62710    2.21597    3.17324    5.77672    1.62710    2.21597    1.35967    3.17324    5.77672   11   12   10   13   14
  2.566413    1.35395    1.63584    2.18981    3.14797    5.65950    1.63584    2.18981    1.35395    3.14797    5.65950   11   12   10   13   14
  2.577374    1.34934    1.64542    2.16413    3.12218    5.54699    1.64542    2.16413    1.34934    3.12218    5.54699   11   12   10   13   14
  2.588335    1.34596    1.65581    2.13909    3.09590    5.44088    1.65581    2.13909    1.34596    3.09590    5.44088   11   12   10   13   14
  2.599296    1.34400    1.66692    2.11483    3.06919    5.34139    1.66692    2.11483    1.34400    3.06919    5.34139   11   12   10   13   14
  2.610258    1.34361    1.67866    2.09152    3.04209    5.24738    1.67866    2.09152    1.34361    3.04209    5.24738   11   12   10   13   14
  2.621219    1.34490    1.69090    2.06928    3.01467    5.15680    1.69090    2.06928    1.34490    3.01467    5.15680   11   12   10   13   14
  2.632181    1.34794    1.70354    2.04817    2.98696    5.06713    1.70354    2.04817    1.34794    2.98696    5.06713   11   12   10   13   14
  2.643142    1.35271    1.71651    2.02822    2.95899    4.97597    1.71651    2.02822    1.35271    2.95899    4.97597   11   12   10   13   14
  2.654103    1.35914    1.72974    2.00939    2.93078    4.88148    1.72974    2.00939    1.35914    2.93078    4.88148   11   12   10   13   14
  2.665065    1.36711    1.74324    1.99164    2.90231    4.78274    1.74324    1.99164    1.36711    2.90231    4.78274   11   12   10   13   14
  2.676026    1.37649    1.75700    1.97489    2.87357    4.67998    1.75700    1.97489    1.37649    2.87357    4.67998   11   12   10   13   14
  2.686987    1.38714    1.77107    1.95909    2.84454    4.57464    1.77107    1.95909    1.38714    2.84454    4.57464   11   12   10   13   14
  2.697949    1.39896    1.78547    1.94420    2.81520    4.46920    1.78547    1.94420    1.39896    2.81520    4.46920   11   12   10   13   14
  2.708910    1.41190    1.80020    1.93026    2.78555    4.36682    1.80020    1.93026    1.41190    2.78555    4.36682   11   12   10   13   14
  2.719871    1.42598    1.81525    1.91731    2.75562    4.27082    1.81525    1.91731    1.42598    2.75562    4.27082   11   12   10   13   14
  2.730833    1.44128    1.83058    1.90548    2.72548    4.18406    1.83058    1.90548    1.44128    2.72548    4.18406   11   12   10   13   14
  2.741794    1.45794    1.84611    1.89488    2.69521    4.10840    1.84611    1.89488    1.45794    2.69521    4.10840   11   12   10   13   14
  2.752755    1.47609    1.86176    1.88565    2.66494    4.04435    1.86176    1.88565    1.47609    2.66494    4.04435   11   12   10   13   14
  2.763717    1.49587    1.87742    1.87798    2.63479    3.99107    1.87798    1.87742    1.49587    2.63479    3.99107   12   11   10   13   14
  2.774678    1.51734    1.87184    1.89312    2.60491    3.94672    1.89312    1.87184    1.51734    2.60491    3.94672   12   11   10   13   14
  2.785639    1.54050    1.86743    1.90870    2.57541    3.90891    1.90870    1.86743    1.54050    2.57541    3.90891   12   11   10   13   14
  2.796601    1.56524    1.86470    1.92415    2.54639    3.87536    1.92415    1.86470    1.56524    2.54639    3.87536   12   11   10   13   14
  2.807562    1.59136    1.86360    1.93946    2.51789    3.84429    1.93946    1.86360    1.59136    2.51789    3.84429   12   11   10   13   14
  2.818523    1.61861    1.86401    1.95462    2.48994    3.81468    1.95462    1.86401    1.61861    2.48994    3.81468   12   11   10   13   14
  2.829485    1.64670    1.86574    1.96965    2.46250    3.78619    1.96965    1.86574    1.64670    2.46250    3.78619   12   11   10   13   14
  2.840446    1.67534    1.86861    1.98455    2.43552    3.75898    1.98455    1.86861    1.67534    2.43552    3.75898   12   11   10   13   14
  2.851407    1.70428    1.87246    1.99929    2.40893    3.73346    1.99929    1.87246    1.70428    2.40893    3.73346   12   11   10   13   14
  2.862369    1.73337    1.87713    2.01386    2.38268    3.71002    2.01386    1.87713    1.73337    2.38268    3.71002   12   11   10   13   14
  2.873330    1.76250    1.88251    2.02820    2.35674    3.68887    2.02820    1.88251    1.76250    2.35674    3.68887   12   11   10   13   14
  2.884291    1.79165    1.88853    2.04226    2.33114    3.66994    2.04226    1.88853    1.79165    2.33114    3.66994   12   11   10   13   14
  2.895253    1.82083    1.89513    2.05598    2.30592    3.65294    2.05598    1.89513    1.82083    2.30592    3.65294   12   11   10   13   14
  2.906214    1.85005    1.90225    2.06928    2.28120    3.63741    2.06928    1.90225    1.85005    2.28120    3.63741   12   11   10   13   14
  2.917175    1.87928    1.90983    2.08210    2.25712    3.62285    2.08210    1.90983    1.87928    2.25712    3.62285   12   11   10   13   14
  2.928137    1.90842    1.91784    2.09442    2.23384    3.60883    2.09442    1.91784    1.90842    2.23384    3.60883   12   11   10   13   14
  2.939098    1.92625    1.93731    2.10618    2.21154    3.59507    2.10618    1.92625    1.93731    2.21154    3.59507   12   10   11   13   14
  2.950059    1.93508    1.96568    2.11738    2.19039    3.58149    2.11738    1.93508    1.96568    2.19039    3.58149   12   10   11   13   14
  2.961021    1.94429    1.99326    2.12802    2.17053    3.56817    2.12802    1.94429    1.99326    2.17053    3.56817   12   10   11   13   14
  2.971982    1.95385    2.01974    2.13807    2.15206    3.55538    2.13807    1.95385    2.01974    2.15206    3.55538   12   10   11   13   14
  2.982943    1.96364    2.04485    2.13502    2.14755    3.54340    2.14755    1.96364    2.04485    2.13502    3.54340   13   10   11   12   14
  2.993905    1.97345    2.06839    2.11940    2.15643    3.53253    2.15643    1.97345    2.06839    2.11940    3.53253   13   10   11   12   14
  3.004866    1.98304    2.09021    2.10515    2.16467    3.52295    2.16467    1.98304    2.09021    2.10515    3.52295   13   10   11   12   14
  3.015827    1.99212    2.09220    2.11026    2.17223    3.51467    2.17223    1.99212    2.11026    2.09220    3.51467   13   10   12   11   14
  3.026789    2.00049    2.08048    2.12853    2.17907    3.50758    2.17907    2.00049    2.12853    2.08048    3.50758   13   10   12   11   14
  3.037750    2.00797    2.06994    2.14503    2.18514    3.50147    2.18514    2.00797    2.14503    2.06994    3.50147   13   10   12   11   14
  3.048712    2.01450    2.06060    2.15978    2.19042    3.49616    2.19042    2.01450    2.15978    2.06060    3.49616   13   10   12   11   14
  3.059673    2.02006    2.05249    2.17273    2.19489    3.49152    2.19489    2.02006    2.17273    2.05249    3.49152   13   10   12   11   14
  3.070634    2.02466    2.04568    2.18376    2.19855    3.48752    2.19855    2.02466    2.18376    2.04568    3.48752   13   10   12   11   14
  3.081596    2.02831    2.04027    2.19271    2.20139    3.48422    2.20139    2.02831    2.19271    2.04027    3.48422   13   10   12   11   14
  3.092557    2.03097    2.03633    2.19933    2.20341    3.48174    2.20341    2.03097    2.19933    2.03633    3.48174   13   10   12   11   14
  3.103518    2.03259    2.03394    2.20343    2.20462    3.48021    2.20343    2.03394    2.20462    2.03259    3.48021   12   11   13   10   14
  3.114479    2.03314    2.03314    2.20491    2.20491    3.47973    2.20491    2.03314    2.20491    2.03314    3.47973   12   10   12   10   14
