# k-path (Å^-1)    E1 (eV)    E2 (eV)    E3 (eV)
# path: Γ → K → M → Γ   (k 点与 wannier90_band.kpt 的 285 个点重合)
# Symmetry points (Å^-1): Γ=0, K=1.316334, M=1.974501, Γ=3.114479

# H at Gamma (0,0):
# (-0.058000+0.000000i) (0.000000+0.000000i) (0.000000+0.000000i) 
# (0.000000+0.000000i) (2.929000+0.000000i) (0.000000+0.000000i) 
# (0.000000+0.000000i) (0.000000+0.000000i) (2.929000+0.000000i) 

# H at K (2/3,1/3):
# (1.598000+0.000000i) (0.000000-0.000000i) (-0.000000+0.000000i) 
# (0.000000-0.000000i) (1.691500+0.000000i) (0.000000+1.756300i) 
# (-0.000000+0.000000i) (0.000000-1.756300i) (1.691500+0.000000i) 

# TB_Gamma_VBM =    -0.058000
    0.000000    -0.058000     2.929000     2.929000
    0.010969    -0.058254     2.928822     2.929265
    0.021939    -0.059015     2.928290     2.930060
    0.032908    -0.060281     2.927405     2.931380
    0.043878    -0.062047     2.926172     2.933218
    0.054847    -0.064309     2.924595     2.935564
    0.065817    -0.067058     2.922682     2.938405
    0.076786    -0.070287     2.920440     2.941728
    0.087756    -0.073985     2.917879     2.945514
    0.098725    -0.078141     2.915009     2.949743
    0.109694    -0.082743     2.911844     2.954393
    0.120664    -0.087778     2.908397     2.959440
    0.131633    -0.093230     2.904683     2.964857
    0.142603    -0.099084     2.900718     2.970617
    0.153572    -0.105325     2.896519     2.976690
    0.164542    -0.111936     2.892106     2.983044
    0.175511    -0.118900     2.887497     2.989647
    0.186481    -0.126198     2.882714     2.996464
    0.197450    -0.133814     2.877778     3.003462
    0.208420    -0.141729     2.872711     3.010605
    0.219389    -0.149926     2.867538     3.017855
    0.230358    -0.158385     2.862283     3.025177
    0.241328    -0.167088     2.856970     3.032533
    0.252297    -0.176018     2.851625     3.039885
    0.263267    -0.185157     2.846275     3.047195
    0.274236    -0.194487     2.840944     3.054426
    0.285206    -0.203990     2.835661     3.061541
    0.296175    -0.213650     2.830452     3.068501
    0.307145    -0.223448     2.825345     3.075269
    0.318114    -0.233369     2.820366     3.081810
    0.329083    -0.243396     2.815543     3.088086
    0.340053    -0.253512     2.810902     3.094062
    0.351022    -0.263702     2.806471     3.099704
    0.361992    -0.273950     2.802275     3.104977
    0.372961    -0.284240     2.798341     3.109847
    0.383931    -0.294557     2.794693     3.114283
    0.394900    -0.304885     2.791355     3.118253
    0.405870    -0.315209     2.788352     3.121726
    0.416839    -0.325514     2.785706     3.124674
    0.427809    -0.335784     2.783438     3.127067
    0.438778    -0.346004     2.781569     3.128879
    0.449747    -0.356159     2.780119     3.130083
    0.460717    -0.366232     2.779106     3.130656
    0.471686    -0.376209     2.778545     3.130572
    0.482656    -0.386072     2.778452     3.129811
    0.493625    -0.395806     2.778842     3.128351
    0.504595    -0.405394     2.779725     3.126173
    0.515564    -0.414820     2.781112     3.123259
    0.526534    -0.424065     2.783012     3.119593
    0.537503    -0.433113     2.785431     3.115158
    0.548472    -0.441946     2.788374     3.109943
    0.559442    -0.450546     2.791844     3.103936
    0.570411    -0.458895     2.795841     3.097125
    0.581381    -0.466973     2.800363     3.089505
    0.592350    -0.474763     2.805407     3.081069
    0.603320    -0.482244     2.810965     3.071813
    0.614289    -0.489399     2.817027     3.061739
    0.625259    -0.496206     2.823577     3.050851
    0.636228    -0.502647     2.830595     3.039159
    0.647197    -0.508703     2.838052     3.026681
    0.658167    -0.514354     2.845903     3.013451
    0.669136    -0.519580     2.854081     2.999525
    0.680106    -0.524363     2.862465     2.985012
    0.691075    -0.528683     2.870825     2.970134
    0.702045    -0.532522     2.878636     2.955403
    0.713014    -0.535861     2.884538     2.942168
    0.723984    -0.538683     2.885178     2.933775
    0.734953    -0.540970     2.876960     2.933808
    0.745923    -0.542706     2.861860     2.940283
    0.756892    -0.543875     2.843300     2.949768
    0.767861    -0.544462     2.822842     2.960695
    0.778831    -0.544453     2.801087     2.972454
    0.789800    -0.543834     2.778300     2.984775
    0.800770    -0.542593     2.754616     2.997516
    0.811739    -0.540720     2.730119     3.010589
    0.822709    -0.538205     2.704867     3.023932
    0.833678    -0.535040     2.678906     3.037497
    0.844648    -0.531218     2.652276     3.051244
    0.855617    -0.526733     2.625013     3.065135
    0.866586    -0.521583     2.597153     3.079137
    0.877556    -0.515765     2.568731     3.093218
    0.888525    -0.509280     2.539783     3.107346
    0.899495    -0.502129     2.510346     3.121493
    0.910464    -0.494318     2.480457     3.135628
    0.921434    -0.485852     2.450155     3.149723
    0.932403    -0.476741     2.419481     3.163749
    0.943373    -0.466995     2.388478     3.177680
    0.954342    -0.456629     2.357189     3.191487
    0.965311    -0.445660     2.325661     3.205145
    0.976281    -0.434106     2.293942     3.218627
    0.987250    -0.421991     2.262083     3.231908
    0.998220    -0.409341     2.230135     3.244964
    1.009189    -0.396184     2.198155     3.257769
    1.020159    -0.382554     2.166200     3.270302
    1.031128    -0.368488     2.134329     3.282538
    1.042098    -0.354024     2.102607     3.294457
    1.053067    -0.339209     2.071100     3.306038
    1.064037    -0.324090     2.039876     3.317260
    1.075006    -0.308722     2.009008     3.328106
    1.085975    -0.293162     1.978571     3.338556
    1.096945    -0.277471     1.948646     3.348594
    1.107914    -0.261719     1.919313     3.358203
    1.118884    -0.245976     1.890660     3.367371
    1.129853    -0.230320     1.862776     3.376081
    1.140823    -0.214833     1.835753     3.384323
    1.151792    -0.199600     1.809687     3.392086
    1.162762    -0.184711     1.784676     3.399359
    1.173731    -0.170262     1.760820     3.406134
    1.184700    -0.156348     1.738220     3.412405
    1.195670    -0.143069     1.716980     3.418165
    1.206639    -0.130524     1.697199     3.423410
    1.217609    -0.118813     1.678976     3.428139
    1.228578    -0.108033     1.662408     3.432349
    1.239548    -0.098278     1.647582     3.436042
    1.250517    -0.089634     1.634581     3.439219
    1.261487    -0.082183     1.623477     3.441885
    1.272456    -0.075993     1.614330     3.444045
    1.283426    -0.071122     1.607187     3.445706
    1.294395    -0.067616     1.602077     3.446878
    1.305364    -0.065504     1.599016     3.447572
    1.316334    -0.064800     1.598000     3.447800
    1.316334    -0.064800     1.598000     3.447800
    1.327303    -0.065501     1.599006     3.447577
    1.338273    -0.067589     1.601994     3.446920
    1.349242    -0.071030     1.606908     3.445848
    1.360212    -0.075777     1.613671     3.444381
    1.371181    -0.081770     1.622197     3.442543
    1.382151    -0.088936     1.632384     3.440357
    1.393120    -0.097197     1.644119     3.437851
    1.404089    -0.106466     1.657281     3.435054
    1.415059    -0.116651     1.671742     3.431997
    1.426028    -0.127660     1.687370     3.428712
    1.436998    -0.139398     1.704028     3.425235
    1.447967    -0.151771     1.721581     3.421603
    1.458937    -0.164687     1.739890     3.417853
    1.469906    -0.178056     1.758821     3.414028
    1.480876    -0.191792     1.778238     3.410167
    1.491845    -0.205815     1.798011     3.406316
    1.502814    -0.220046     1.818012     3.402518
    1.513784    -0.234415     1.838116     3.398818
    1.524753    -0.248852     1.858206     3.395262
    1.535723    -0.263297     1.878166     3.391895
    1.546692    -0.277692     1.897888     3.388763
    1.557662    -0.291984     1.917267     3.385911
    1.568631    -0.306126     1.936209     3.383380
    1.579601    -0.320073     1.954621     3.381211
    1.590570    -0.333788     1.972423     3.379442
    1.601540    -0.347235     1.989537     3.378107
    1.612509    -0.360383     2.005898     3.377235
    1.623478    -0.373205     2.021447     3.376852
    1.634448    -0.385677     2.036135     3.376977
    1.645417    -0.397778     2.049923     3.377622
    1.656387    -0.409491     2.062781     3.378793
    1.667356    -0.420800     2.074690     3.380490
    1.678326    -0.431694     2.085639     3.382706
    1.689295    -0.442164     2.095629     3.385423
    1.700265    -0.452201     2.104670     3.388622
    1.711234    -0.461800     2.112780     3.392271
    1.722203    -0.470958     2.119986     3.396337
    1.733173    -0.479674     2.126322     3.400777
    1.744142    -0.487948     2.131830     3.405547
    1.755112    -0.495780     2.136557     3.410595
    1.766081    -0.503173     2.140554     3.415868
    1.777051    -0.510132     2.143878     3.421311
    1.788020    -0.516661     2.146585     3.426866
    1.798990    -0.522764     2.148736     3.432474
    1.809959    -0.528450     2.150390     3.438079
    1.820928    -0.533723     2.151610     3.443622
    1.831898    -0.538591     2.152452     3.449048
    1.842867    -0.543061     2.152977     3.454304
    1.853837    -0.547141     2.153238     3.459338
    1.864806    -0.550837     2.153288     3.464103
    1.875776    -0.554157     2.153178     3.468553
    1.886745    -0.557107     2.152951     3.472648
    1.897715    -0.559694     2.152650     3.476351
    1.908684    -0.561923     2.152313     3.479628
    1.919654    -0.563800     2.151971     3.482450
    1.930623    -0.565329     2.151652     3.484793
    1.941592    -0.566515     2.151380     3.486636
    1.952562    -0.567359     2.151173     3.487964
    1.963531    -0.567865     2.151044     3.488765
    1.974501    -0.568033     2.151000     3.489033
    1.974501    -0.568033     2.151000     3.489033
    1.985462    -0.568018     2.151177     3.489006
    1.996423    -0.567972     2.151710     3.488926
    2.007385    -0.567894     2.152596     3.488792
    2.018346    -0.567784     2.153836     3.488602
    2.029307    -0.567640     2.155429     3.488356
    2.040269    -0.567461     2.157372     3.488051
    2.051230    -0.567242     2.159664     3.487685
    2.062191    -0.566983     2.162304     3.487256
    2.073153    -0.566679     2.165288     3.486761
    2.084114    -0.566328     2.168614     3.486196
    2.095075    -0.565925     2.172278     3.485557
    2.106037    -0.565465     2.176279     3.484841
    2.116998    -0.564946     2.180611     3.484043
    2.127959    -0.564361     2.185271     3.483158
    2.138921    -0.563705     2.190255     3.482182
    2.149882    -0.562973     2.195558     3.481109
    2.160843    -0.562159     2.201175     3.479935
    2.171805    -0.561258     2.207101     3.478653
    2.182766    -0.560264     2.213331     3.477258
    2.193727    -0.559169     2.219859     3.475743
    2.204689    -0.557968     2.226680     3.474104
    2.215650    -0.556654     2.233786     3.472334
    2.226611    -0.555221     2.241171     3.470426
    2.237573    -0.553662     2.248829     3.468375
    2.248534    -0.551971     2.256753     3.466174
    2.259495    -0.550140     2.264935     3.463818
    2.270457    -0.548163     2.273369     3.461299
    2.281418    -0.546035     2.282045     3.458613
    2.292379    -0.543748     2.290957     3.455753
    2.303341    -0.541295     2.300096     3.452713
    2.314302    -0.538672     2.309454     3.449489
    2.325263    -0.535872     2.319023     3.446073
    2.336225    -0.532889     2.328793     3.442462
    2.347186    -0.529718     2.338756     3.438651
    2.358147    -0.526353     2.348902     3.434634
    2.369109    -0.522790     2.359223     3.430408
    2.380070    -0.519024     2.369708     3.425968
    2.391031    -0.515051     2.380349     3.421311
    2.401993    -0.510867     2.391136     3.416434
    2.412954    -0.506468     2.402059     3.411333
    2.423915    -0.501851     2.413107     3.406007
    2.434877    -0.497015     2.424271     3.400453
    2.445838    -0.491956     2.435541     3.394669
    2.456799    -0.486673     2.446906     3.388656
    2.467761    -0.481166     2.458356     3.382413
    2.478722    -0.475432     2.469881     3.375938
    2.489683    -0.469473     2.481469     3.369235
    2.500645    -0.463289     2.493111     3.362302
    2.511606    -0.456880     2.504796     3.355143
    2.522567    -0.450250     2.516513     3.347759
    2.533529    -0.443400     2.528251     3.340155
    2.544490    -0.436332     2.540000     3.332332
    2.555451    -0.429052     2.551749     3.324297
    2.566413    -0.421562     2.563487     3.316053
    2.577374    -0.413869     2.575204     3.307606
    2.588335    -0.405977     2.586889     3.298964
    2.599297    -0.397894     2.598531     3.290132
    2.610258    -0.389625     2.610119     3.281119
    2.621219    -0.381180     2.621644     3.271933
    2.632181    -0.372566     2.633094     3.262583
    2.643142    -0.363793     2.644459     3.253080
    2.654103    -0.354871     2.655729     3.243433
    2.665065    -0.345810     2.666893     3.233654
    2.676026    -0.336621     2.677941     3.223756
    2.686987    -0.327318     2.688864     3.213751
    2.697949    -0.317912     2.699651     3.203652
    2.708910    -0.308417     2.710292     3.193473
    2.719871    -0.298848     2.720777     3.183230
    2.730833    -0.289219     2.731098     3.172938
    2.741794    -0.279546     2.741244     3.162612
    2.752755    -0.269845     2.751207     3.152271
    2.763717    -0.260132     2.760977     3.141931
    2.774678    -0.250426     2.770546     3.131610
    2.785639    -0.240744     2.779904     3.121326
    2.796601    -0.231104     2.789043     3.111099
    2.807562    -0.221526     2.797955     3.100948
    2.818523    -0.212029     2.806631     3.090894
    2.829485    -0.202633     2.815065     3.080956
    2.840446    -0.193358     2.823247     3.071154
    2.851407    -0.184224     2.831171     3.061511
    2.862369    -0.175252     2.838829     3.052047
    2.873330    -0.166462     2.846214     3.042783
    2.884291    -0.157877     2.853320     3.033741
    2.895253    -0.149516     2.860141     3.024941
    2.906214    -0.141401     2.866669     3.016407
    2.917175    -0.133552     2.872899     3.008157
    2.928137    -0.125989     2.878825     3.000214
    2.939098    -0.118733     2.884442     2.992597
    2.950059    -0.111804     2.889745     2.985327
    2.961021    -0.105220     2.894729     2.978423
    2.971982    -0.099001     2.899389     2.971904
    2.982943    -0.093164     2.903721     2.965788
    2.993905    -0.087725     2.907722     2.960093
    3.004866    -0.082702     2.911386     2.954834
    3.015827    -0.078109     2.914712     2.950028
    3.026789    -0.073960     2.917696     2.945687
    3.037750    -0.070269     2.920336     2.941825
    3.048711    -0.067045     2.922628     2.938454
    3.059673    -0.064300     2.924571     2.935584
    3.070634    -0.062041     2.926164     2.933224
    3.081595    -0.060278     2.927404     2.931380
    3.092557    -0.059014     2.928290     2.930059
    3.103518    -0.058254     2.928823     2.929265
    3.114479    -0.058000     2.929000     2.929000
