# k-path (Å^-1)    E1 (eV)    E2 (eV)    E3 (eV)
# path: Γ → K → M → Γ   (k 点与 wannier90_band.kpt 的 285 个点重合)
# Symmetry points (Å^-1): Γ=0, K=1.316334, M=1.974501, Γ=3.114479

# H at Gamma (0,0):
# (-0.061000+0.000000i) (0.000000+0.000000i) (-0.000000+0.000000i) 
# (0.000000+0.000000i) (2.926377+0.000000i) (-0.000000+0.000000i) 
# (-0.000000+0.000000i) (-0.000000+0.000000i) (2.926377+0.000000i) 

# H at K (2/3,1/3):
# (1.595000+0.000000i) (0.000000+0.000000i) (0.000000-0.000000i) 
# (0.000000+0.000000i) (1.693377+0.000000i) (-0.000000+1.756300i) 
# (0.000000+0.000000i) (-0.000000-1.756300i) (1.693377+0.000000i) 

# TB_Gamma_VBM =    -0.061000
    0.000000    -0.061000     2.926377     2.926377
    0.010969    -0.061172     2.925343     2.925936
    0.021939    -0.061690     2.922247     2.924614
    0.032908    -0.062559     2.917104     2.922416
    0.043878    -0.063787     2.909939     2.919349
    0.054847    -0.065385     2.900789     2.915422
    0.065817    -0.067366     2.889699     2.910650
    0.076786    -0.069748     2.876725     2.905047
    0.087756    -0.072550     2.861929     2.898631
    0.098725    -0.075795     2.845387     2.891425
    0.109694    -0.079505     2.827179     2.883452
    0.120664    -0.083707     2.807395     2.874738
    0.131633    -0.088430     2.786132     2.865313
    0.142603    -0.093701     2.763493     2.855208
    0.153572    -0.099550     2.739587     2.844458
    0.164542    -0.106007     2.714530     2.833100
    0.175511    -0.113101     2.688439     2.821171
    0.186481    -0.120863     2.661438     2.808714
    0.197450    -0.129318     2.633650     2.795771
    0.208420    -0.138494     2.605203     2.782388
    0.219389    -0.148414     2.576224     2.768611
    0.230358    -0.159096     2.546838     2.754489
    0.241328    -0.170558     2.517171     2.740073
    0.252297    -0.182811     2.487346     2.725413
    0.263267    -0.195862     2.457482     2.710562
    0.274236    -0.209710     2.427694     2.695573
    0.285206    -0.224352     2.398092     2.680500
    0.296175    -0.239774     2.368781     2.665398
    0.307145    -0.255957     2.339857     2.650319
    0.318114    -0.272875     2.311412     2.635320
    0.329083    -0.290495     2.283530     2.620452
    0.340053    -0.308774     2.256286     2.605768
    0.351022    -0.327664     2.229749     2.591319
    0.361992    -0.347111     2.203981     2.577155
    0.372961    -0.367052     2.179034     2.563322
    0.383931    -0.387419     2.154957     2.549868
    0.394900    -0.408141     2.131790     2.536832
    0.405870    -0.429138     2.109568     2.524257
    0.416839    -0.450331     2.088322     2.512176
    0.427809    -0.471634     2.068077     2.500625
    0.438778    -0.492962     2.048856     2.489630
    0.449747    -0.514229     2.030677     2.479219
    0.460717    -0.535347     2.013556     2.469411
    0.471686    -0.556229     1.997510     2.460225
    0.482656    -0.576791     1.982550     2.451674
    0.493625    -0.596952     1.968689     2.443766
    0.504595    -0.616630     1.955940     2.436507
    0.515564    -0.635751     1.944313     2.429898
    0.526534    -0.654243     1.933820     2.423937
    0.537503    -0.672039     1.924471     2.418619
    0.548472    -0.689076     1.916278     2.413935
    0.559442    -0.705297     1.909250     2.409872
    0.570411    -0.720650     1.903397     2.406417
    0.581381    -0.735088     1.898727     2.403553
    0.592350    -0.748571     1.895248     2.401261
    0.603320    -0.761062     1.892965     2.399521
    0.614289    -0.772530     1.891881     2.398310
    0.625259    -0.782950     1.891998     2.397606
    0.636228    -0.792301     1.893313     2.397387
    0.647197    -0.800567     1.895820     2.397629
    0.658167    -0.807736     1.899509     2.398309
    0.669136    -0.813800     1.904363     2.399407
    0.680106    -0.818757     1.910360     2.400903
    0.691075    -0.822605     1.917472     2.402782
    0.702045    -0.825348     1.925662     2.405030
    0.713014    -0.826991     1.934882     2.407642
    0.723984    -0.827544     1.945076     2.410617
    0.734953    -0.827016     1.956173     2.413963
    0.745923    -0.825422     1.968088     2.417699
    0.756892    -0.822776     1.980720     2.421857
    0.767861    -0.819094     1.993946     2.426484
    0.778831    -0.814395     2.007625     2.431644
    0.789800    -0.808696     2.021589     2.437424
    0.800770    -0.802019     2.035646     2.443931
    0.811739    -0.794383     2.049578     2.451296
    0.822709    -0.785811     2.063140     2.459671
    0.833678    -0.776324     2.076071     2.469226
    0.844648    -0.765946     2.088098     2.480139
    0.855617    -0.754700     2.098946     2.492586
    0.866586    -0.742609     2.108363     2.506724
    0.877556    -0.729699     2.116124     2.522676
    0.888525    -0.715993     2.122055     2.540519
    0.899495    -0.701519     2.126033     2.560275
    0.910464    -0.686303     2.127995     2.581911
    0.921434    -0.670371     2.127926     2.605344
    0.932403    -0.653754     2.125852     2.630451
    0.943373    -0.636479     2.121831     2.657083
    0.954342    -0.618579     2.115938     2.685074
    0.965311    -0.600085     2.108260     2.714249
    0.976281    -0.581033     2.098892     2.744431
    0.987250    -0.561460     2.087928     2.775450
    0.998220    -0.541403     2.075462     2.807135
    1.009189    -0.520904     2.061591     2.839326
    1.020159    -0.500009     2.046407     2.871868
    1.031128    -0.478764     2.030008     2.904610
    1.042098    -0.457221     2.012489     2.937411
    1.053067    -0.435435     1.993952     2.970132
    1.064037    -0.413466     1.974499     3.002641
    1.075006    -0.391378     1.954239     3.034809
    1.085975    -0.369239     1.933286     3.066512
    1.096945    -0.347124     1.911761     3.097630
    1.107914    -0.325113     1.889790     3.128048
    1.118884    -0.303291     1.867508     3.157652
    1.129853    -0.281750     1.845057     3.186335
    1.140823    -0.260587     1.822587     3.213991
    1.151792    -0.239906     1.800252     3.240520
    1.162762    -0.219814     1.778217     3.265825
    1.173731    -0.200425     1.756652     3.289815
    1.184700    -0.181857     1.735729     3.312401
    1.195670    -0.164230     1.715626     3.333501
    1.206639    -0.147666     1.696524     3.353038
    1.217609    -0.132284     1.678599     3.370940
    1.228578    -0.118203     1.662025     3.387140
    1.239548    -0.105533     1.646971     3.401579
    1.250517    -0.094376     1.633592     3.414201
    1.261487    -0.084822     1.622031     3.424961
    1.272456    -0.076943     1.612412     3.433818
    1.283426    -0.070793     1.604836     3.440739
    1.294395    -0.066406     1.599380     3.445700
    1.305364    -0.063787     1.596095     3.448682
    1.316334    -0.062923     1.595000     3.449676
    1.316334    -0.062923     1.595000     3.449676
    1.327303    -0.063770     1.596087     3.448683
    1.338273    -0.066263     1.599318     3.445710
    1.349242    -0.070316     1.604627     3.440774
    1.360212    -0.075822     1.611926     3.433901
    1.371181    -0.082661     1.621102     3.425128
    1.382151    -0.090701     1.632026     3.414500
    1.393120    -0.099801     1.644554     3.402072
    1.404089    -0.109819     1.658531     3.387909
    1.415059    -0.120612     1.673794     3.372086
    1.426028    -0.132042     1.690177     3.354689
    1.436998    -0.143977     1.707511     3.335813
    1.447967    -0.156292     1.725626     3.315563
    1.458937    -0.168874     1.744356     3.294055
    1.469906    -0.181622     1.763536     3.271414
    1.480876    -0.194448     1.783007     3.247774
    1.491845    -0.207276     1.802613     3.223280
    1.502814    -0.220044     1.822205     3.198082
    1.513784    -0.232704     1.841639     3.172340
    1.524753    -0.245219     1.860778     3.146221
    1.535723    -0.257568     1.879492     3.119895
    1.546692    -0.269739     1.897660     3.093537
    1.557662    -0.281733     1.915168     3.067325
    1.568631    -0.293560     1.931914     3.041433
    1.579601    -0.305241     1.947808     3.016033
    1.590570    -0.316802     1.962773     2.991291
    1.601540    -0.328277     1.976747     2.967363
    1.612509    -0.339706     1.989687     2.944389
    1.623478    -0.351131     2.001570     2.922492
    1.634448    -0.362594     2.012394     2.901773
    1.645417    -0.374141     2.022181     2.882309
    1.656387    -0.385813     2.030977     2.864149
    1.667356    -0.397648     2.038852     2.847313
    1.678326    -0.409679     2.045897     2.831792
    1.689295    -0.421933     2.052224     2.817549
    1.700265    -0.434426     2.057957     2.804523
    1.711234    -0.447166     2.063232     2.792631
    1.722203    -0.460152     2.068188     2.781773
    1.733173    -0.473368     2.072963     2.771840
    1.744142    -0.486790     2.077686     2.762715
    1.755112    -0.500380     2.082475     2.754280
    1.766081    -0.514089     2.087428     2.746423
    1.777051    -0.527859     2.092626     2.739038
    1.788020    -0.541618     2.098125     2.732031
    1.798990    -0.555290     2.103957     2.725320
    1.809959    -0.568790     2.110130     2.718842
    1.820928    -0.582026     2.116628     2.712546
    1.831898    -0.594902     2.123411     2.706403
    1.842867    -0.607323     2.130416     2.700399
    1.853837    -0.619190     2.137562     2.694540
    1.864806    -0.630406     2.144749     2.688847
    1.875776    -0.640877     2.151859     2.683360
    1.886745    -0.650514     2.158764     2.678135
    1.897715    -0.659232     2.165325     2.673238
    1.908684    -0.666953     2.171400     2.668747
    1.919654    -0.673610     2.176845     2.664748
    1.930623    -0.679141     2.181523     2.661326
    1.941592    -0.683496     2.185309     2.658563
    1.952562    -0.686636     2.188096     2.656532
    1.963531    -0.688531     2.189802     2.655289
    1.974501    -0.689165     2.190377     2.654870
    1.974501    -0.689165     2.190377     2.654870
    1.985462    -0.689522     2.190272     2.654434
    1.996423    -0.690591     2.189959     2.653125
    2.007385    -0.692367     2.189440     2.650949
    2.018346    -0.694841     2.188719     2.647915
    2.029307    -0.698001     2.187803     2.644035
    2.040269    -0.701833     2.186698     2.639325
    2.051230    -0.706317     2.185413     2.633803
    2.062191    -0.711431     2.183960     2.627490
    2.073153    -0.717150     2.182350     2.620411
    2.084114    -0.723444     2.180597     2.612594
    2.095075    -0.730281     2.178717     2.604066
    2.106037    -0.737625     2.176724     2.594862
    2.116998    -0.745437     2.174638     2.585013
    2.127959    -0.753675     2.172476     2.574556
    2.138921    -0.762292     2.170259     2.563529
    2.149882    -0.771239     2.168008     2.551968
    2.160843    -0.780466     2.165744     2.539915
    2.171805    -0.789915     2.163491     2.527409
    2.182766    -0.799531     2.161272     2.514492
    2.193727    -0.809251     2.159112     2.501204
    2.204689    -0.819014     2.157034     2.487588
    2.215650    -0.828754     2.155065     2.473686
    2.226611    -0.838404     2.153229     2.459538
    2.237573    -0.847895     2.151553     2.445187
    2.248534    -0.857158     2.150063     2.430674
    2.259495    -0.866120     2.148785     2.416039
    2.270457    -0.874711     2.147744     2.401322
    2.281418    -0.882858     2.146965     2.386563
    2.292379    -0.890488     2.146476     2.371801
    2.303341    -0.897531     2.146299     2.357074
    2.314302    -0.903916     2.146460     2.342420
    2.325263    -0.909573     2.146982     2.327876
    2.336225    -0.914435     2.147889     2.313479
    2.347186    -0.918438     2.149201     2.299266
    2.358147    -0.921519     2.150940     2.285271
    2.369109    -0.923620     2.153126     2.271532
    2.380070    -0.924685     2.155778     2.258082
    2.391031    -0.924664     2.158913     2.244958
    2.401993    -0.923510     2.162547     2.232196
    2.412954    -0.921184     2.166695     2.219830
    2.423915    -0.917650     2.171370     2.207897
    2.434877    -0.912878     2.176584     2.196433
    2.445838    -0.906847     2.182346     2.185476
    2.456799    -0.899539     2.175063     2.188665
    2.467761    -0.890947     2.165232     2.195547
    2.478722    -0.881068     2.156023     2.202996
    2.489683    -0.869909     2.147475     2.211016
    2.500645    -0.857483     2.139631     2.219606
    2.511606    -0.843814     2.132532     2.228766
    2.522567    -0.828931     2.126222     2.238493
    2.533529    -0.812872     2.120743     2.248781
    2.544490    -0.795684     2.116143     2.259623
    2.555451    -0.777421     2.112465     2.271010
    2.566413    -0.758145     2.109756     2.282932
    2.577374    -0.737926     2.108063     2.295374
    2.588335    -0.716841     2.107432     2.308321
    2.599297    -0.694973     2.107909     2.321758
    2.610258    -0.672413     2.109538     2.335664
    2.621219    -0.649254     2.112364     2.350020
    2.632181    -0.625598     2.116427     2.364802
    2.643142    -0.601547     2.121767     2.379986
    2.654103    -0.577208     2.128418     2.395546
    2.665065    -0.552690     2.136412     2.411456
    2.676026    -0.528100     2.145774     2.427684
    2.686987    -0.503548     2.156523     2.444202
    2.697949    -0.479140     2.168671     2.460977
    2.708910    -0.454979     2.182224     2.477975
    2.719871    -0.431165     2.197175     2.495162
    2.730833    -0.407791     2.213511     2.512503
    2.741794    -0.384946     2.231208     2.529961
    2.752755    -0.362709     2.250229     2.547499
    2.763717    -0.341153     2.270528     2.565078
    2.774678    -0.320341     2.292046     2.582660
    2.785639    -0.300326     2.314714     2.600204
    2.796601    -0.281155     2.338448     2.617672
    2.807562    -0.262861     2.363158     2.635024
    2.818523    -0.245470     2.388741     2.652218
    2.829485    -0.229000     2.415082     2.669215
    2.840446    -0.213458     2.442062     2.685975
    2.851407    -0.198844     2.469550     2.702457
    2.862369    -0.185152     2.497411     2.718623
    2.873330    -0.172366     2.525505     2.734432
    2.884291    -0.160469     2.553685     2.749846
    2.895253    -0.149436     2.581805     2.764828
    2.906214    -0.139239     2.609714     2.779340
    2.917175    -0.129847     2.637263     2.793346
    2.928137    -0.121226     2.664304     2.806812
    2.939098    -0.113341     2.690690     2.819704
    2.950059    -0.106157     2.716277     2.831988
    2.961021    -0.099636     2.740928     2.843634
    2.971982    -0.093745     2.764509     2.854613
    2.982943    -0.088446     2.786890     2.864896
    2.993905    -0.083708     2.807952     2.874457
    3.004866    -0.079496     2.827581     2.883272
    3.015827    -0.075782     2.845672     2.891318
    3.026789    -0.072538     2.862126     2.898573
    3.037750    -0.069737     2.876856     2.905020
    3.048711    -0.067357     2.889785     2.910642
    3.059673    -0.065379     2.900842     2.915424
    3.070634    -0.063783     2.909970     2.919353
    3.081595    -0.062557     2.917119     2.922420
    3.092557    -0.061689     2.922253     2.924616
    3.103518    -0.061172     2.925345     2.925936
    3.114479    -0.061000     2.926377     2.926377
