# k-path (Å^-1)    E1 (eV)    E2 (eV)    E3 (eV)
# path: Γ → K → M → Γ   (k 点与 wannier90_band.kpt 的 285 个点重合)
# Symmetry points (Å^-1): Γ=0, K=1.316334, M=1.974501, Γ=3.114479

# H at Gamma (0,0):
# (-1.819203+0.000000i) (0.000000+0.000000i) (-0.000000+0.000000i) 
# (0.000000+0.000000i) (2.215614+0.000000i) (-0.000000+0.000000i) 
# (-0.000000+0.000000i) (-0.000000+0.000000i) (2.215614+0.000000i) 

# H at K (2/3,1/3):
# (1.024140+0.000000i) (0.000000+0.000000i) (0.000000+0.000000i) 
# (0.000000+0.000000i) (0.679890+0.000000i) (-0.000000+2.310547i) 
# (0.000000+0.000000i) (-0.000000-2.310547i) (0.679890+0.000000i) 

# TB_Gamma_VBM =    -1.819203
    0.000000    -1.819203     2.215614     2.215614
    0.010969    -1.819301     2.215147     2.214458
    0.021939    -1.819595     2.210997     2.213748
    0.032908    -1.820093     2.205247     2.211424
    0.043878    -1.820806     2.197239     2.208181
    0.054847    -1.821746     2.187012     2.204034
    0.065817    -1.822934     2.174617     2.198997
    0.076786    -1.824391     2.160119     2.193090
    0.087756    -1.826143     2.143588     2.186336
    0.098725    -1.828220     2.125109     2.178760
    0.109694    -1.830654     2.104775     2.170393
    0.120664    -1.833480     2.082687     2.161266
    0.131633    -1.836736     2.058956     2.151414
    0.142603    -1.840462     2.033701     2.140877
    0.153572    -1.844698     2.007046     2.129694
    0.164542    -1.849488     1.979124     2.117911
    0.175511    -1.854873     1.950072     2.105573
    0.186481    -1.860898     1.920031     2.092730
    0.197450    -1.867604     1.889148     2.079431
    0.208420    -1.875031     1.857569     2.065732
    0.219389    -1.883219     1.825445     2.051685
    0.230358    -1.892203     1.792924     2.037348
    0.241328    -1.902015     1.760155     2.022779
    0.252297    -1.912684     1.727285     2.008037
    0.263267    -1.924231     1.694458     1.993183
    0.274236    -1.936674     1.661813     1.978277
    0.285206    -1.950023     1.629484     1.963381
    0.296175    -1.964281     1.597599     1.948556
    0.307145    -1.979444     1.566280     1.933865
    0.318114    -1.995498     1.535638     1.919369
    0.329083    -2.012423     1.505779     1.905128
    0.340053    -2.030188     1.476797     1.891203
    0.351022    -2.048754     1.448778     1.877652
    0.361992    -2.068074     1.421797     1.864533
    0.372961    -2.088092     1.395921     1.851902
    0.383931    -2.108744     1.371204     1.839811
    0.394900    -2.129958     1.347695     1.828313
    0.405870    -2.151654     1.325430     1.817456
    0.416839    -2.173749     1.304438     1.807287
    0.427809    -2.196152     1.284738     1.797848
    0.438778    -2.218768     1.266343     1.789179
    0.449747    -2.241499     1.249260     1.781318
    0.460717    -2.264243     1.233489     1.774297
    0.471686    -2.286899     1.219022     1.768146
    0.482656    -2.309363     1.205851     1.762890
    0.493625    -2.331533     1.193960     1.758552
    0.504595    -2.353307     1.183333     1.755148
    0.515564    -2.374587     1.173948     1.752693
    0.526534    -2.395276     1.165784     1.751198
    0.537503    -2.415281     1.158816     1.750666
    0.548472    -2.434514     1.153020     1.751102
    0.559442    -2.452891     1.148368     1.752502
    0.570411    -2.470333     1.144833     1.754862
    0.581381    -2.486768     1.142390     1.758170
    0.592350    -2.502127     1.141009     1.762415
    0.603320    -2.516350     1.140663     1.767579
    0.614289    -2.529382     1.141325     1.773643
    0.625259    -2.541173     1.142966     1.780582
    0.636228    -2.551682     1.145557     1.788372
    0.647197    -2.560872     1.149070     1.796983
    0.658167    -2.568712     1.153475     1.806384
    0.669136    -2.575179     1.158742     1.816541
    0.680106    -2.580255     1.164839     1.827420
    0.691075    -2.583928     1.171731     1.838986
    0.702045    -2.586190     1.179384     1.851201
    0.713014    -2.587041     1.187760     1.864029
    0.723984    -2.586483     1.196817     1.877435
    0.734953    -2.584526     1.206510     1.891383
    0.745923    -2.581182     1.216788     1.905840
    0.756892    -2.576469     1.227599     1.920778
    0.767861    -2.570408     1.238881     1.936170
    0.778831    -2.563023     1.250567     1.951995
    0.789800    -2.554342     1.262584     1.968235
    0.800770    -2.544397     1.274849     1.984880
    0.811739    -2.533222     1.287273     2.001927
    0.822709    -2.520852     1.299757     2.019377
    0.833678    -2.507327     1.312196     2.037242
    0.844648    -2.492686     1.324473     2.055539
    0.855617    -2.476972     1.336467     2.074293
    0.866586    -2.460228     1.348047     2.093535
    0.877556    -2.442500     1.359080     2.113301
    0.888525    -2.423832     1.369426     2.133630
    0.899495    -2.404272     1.378946     2.154565
    0.910464    -2.383868     1.387502     2.176147
    0.921434    -2.362667     1.394959     2.198414
    0.932403    -2.340720     1.401193     2.221398
    0.943373    -2.318076     1.406086     2.245124
    0.954342    -2.294786     1.409537     2.269604
    0.965311    -2.270902     1.411459     2.294841
    0.976281    -2.246476     1.411782     2.320820
    0.987250    -2.221564     1.410458     2.347513
    0.998220    -2.196221     1.407456     2.374877
    1.009189    -2.170503     1.402767     2.402855
    1.020159    -2.144471     1.396404     2.431373
    1.031128    -2.118185     1.388395     2.460347
    1.042098    -2.091711     1.378792     2.489680
    1.053067    -2.065116     1.367661     2.519267
    1.064037    -2.038470     1.355086     2.548991
    1.075006    -2.011848     1.341167     2.578733
    1.085975    -1.985328     1.326019     2.608367
    1.096945    -1.958994     1.309771     2.637763
    1.107914    -1.932932     1.292563     2.666789
    1.118884    -1.907236     1.274549     2.695313
    1.129853    -1.882003     1.255893     2.723203
    1.140823    -1.857336     1.236768     2.750328
    1.151792    -1.833340     1.217357     2.776559
    1.162762    -1.810129     1.197852     2.801770
    1.173731    -1.787816     1.178449     2.825840
    1.184700    -1.766521     1.159350     2.848652
    1.195670    -1.746364     1.140760     2.870092
    1.206639    -1.727466     1.122885     2.890055
    1.217609    -1.709946     1.105931     2.908442
    1.228578    -1.693920     1.090097     2.925159
    1.239548    -1.679502     1.075577     2.940122
    1.250517    -1.666793     1.062556     2.953253
    1.261487    -1.655888     1.051204     2.964486
    1.272456    -1.646867     1.041676     2.973759
    1.283426    -1.639795     1.034105     2.981025
    1.294395    -1.634720     1.028605     2.986244
    1.305364    -1.631672     1.025263     2.989387
    1.316334    -1.630657     1.024140     2.990437
    1.316334    -1.630657     1.024140     2.990437
    1.327303    -1.631664     1.025269     2.989387
    1.338273    -1.634657     1.028654     2.986243
    1.349242    -1.639582     1.034272     2.981022
    1.360212    -1.646365     1.042070     2.973754
    1.371181    -1.654916     1.051971     2.964481
    1.382151    -1.665129     1.063872     2.953260
    1.393120    -1.676887     1.077651     2.940159
    1.404089    -1.690065     1.093164     2.925260
    1.415059    -1.704532     1.110252     2.908659
    1.426028    -1.720155     1.128742     2.890464
    1.436998    -1.736800     1.148452     2.870798
    1.447967    -1.754339     1.169188     2.849797
    1.458937    -1.772646     1.190753     2.827608
    1.469906    -1.791606     1.212944     2.804395
    1.480876    -1.811109     1.235558     2.780328
    1.491845    -1.831058     1.258391     2.755592
    1.502814    -1.851366     1.281240     2.730381
    1.513784    -1.871957     1.303907     2.704896
    1.524753    -1.892769     1.326201     2.679344
    1.535723    -1.913748     1.347936     2.653936
    1.546692    -1.934854     1.368940     2.628883
    1.557662    -1.956058     1.389055     2.604390
    1.568631    -1.977338     1.408138     2.580656
    1.579601    -1.998683     1.426071     2.557864
    1.590570    -2.020090     1.442759     2.536180
    1.601540    -2.041562     1.458141     2.515743
    1.612509    -2.063104     1.472185     2.496663
    1.623478    -2.084729     1.484900     2.479012
    1.634448    -2.106446     1.496332     2.462827
    1.645417    -2.128269     1.506566     2.448101
    1.656387    -2.150206     1.515723     2.434788
    1.667356    -2.172263     1.523956     2.422805
    1.678326    -2.194441     1.531447     2.412035
    1.689295    -2.216733     1.538392     2.402333
    1.700265    -2.239127     1.545000     2.393535
    1.711234    -2.261599     1.551481     2.385465
    1.722203    -2.284118     1.558038     2.377942
    1.733173    -2.306640     1.564859     2.370786
    1.744142    -2.329114     1.572113     2.363824
    1.755112    -2.351476     1.579943     2.356898
    1.766081    -2.373655     1.588466     2.349865
    1.777051    -2.395569     1.597767     2.342601
    1.788020    -2.417130     1.607898     2.335002
    1.798990    -2.438240     1.618881     2.326989
    1.809959    -2.458799     1.630706     2.318508
    1.820928    -2.478699     1.643330     2.309527
    1.831898    -2.497834     1.656678     2.300043
    1.842867    -2.516094     1.670646     2.290083
    1.853837    -2.533370     1.685094     2.279701
    1.864806    -2.549555     1.699853     2.268987
    1.875776    -2.564548     1.714716     2.258065
    1.886745    -2.578250     1.729442     2.247100
    1.897715    -2.590571     1.743751     2.236300
    1.908684    -2.601427     1.757321     2.225917
    1.919654    -2.610745     1.769797     2.216246
    1.930623    -2.618459     1.780790     2.207623
    1.941592    -2.624516     1.789901     2.200403
    1.952562    -2.628874     1.796747     2.194934
    1.963531    -2.631501     1.801003     2.191515
    1.974501    -2.632378     1.802448     2.190351
    1.974501    -2.632378     1.802448     2.190351
    1.985462    -2.632631     1.802170     2.189734
    1.996423    -2.633386     1.801339     2.187886
    2.007385    -2.634639     1.799957     2.184814
    2.018346    -2.636384     1.798031     2.180528
    2.029307    -2.638609     1.795571     2.175044
    2.040269    -2.641300     1.792587     2.168380
    2.051230    -2.644442     1.789093     2.160561
    2.062191    -2.648014     1.785105     2.151612
    2.073153    -2.651994     1.780642     2.141565
    2.084114    -2.656355     1.775723     2.130454
    2.095075    -2.661069     1.770373     2.118316
    2.106037    -2.666105     1.764615     2.105192
    2.116998    -2.671427     1.758477     2.091124
    2.127959    -2.676997     1.751987     2.076160
    2.138921    -2.682775     1.745176     2.060345
    2.149882    -2.688717     1.738076     2.043731
    2.160843    -2.694776     1.730720     2.026369
    2.171805    -2.700904     1.723144     2.008312
    2.182766    -2.707048     1.715383     1.989613
    2.193727    -2.713155     1.707476     1.970328
    2.204689    -2.719169     1.699460     1.950513
    2.215650    -2.725030     1.691374     1.930222
    2.226611    -2.730679     1.683259     1.909514
    2.237573    -2.736055     1.675154     1.888443
    2.248534    -2.741094     1.667101     1.867066
    2.259495    -2.745732     1.659141     1.845440
    2.270457    -2.749906     1.651313     1.823618
    2.281418    -2.753549     1.643660     1.801658
    2.292379    -2.756599     1.636221     1.779612
    2.303341    -2.758990     1.629038     1.757535
    2.314302    -2.760660     1.622148     1.735480
    2.325263    -2.761547     1.615591     1.713500
    2.336225    -2.761592     1.609405     1.691647
    2.347186    -2.760738     1.603627     1.669972
    2.358147    -2.758930     1.598292     1.648527
    2.369109    -2.756117     1.593434     1.627362
    2.380070    -2.752254     1.589086     1.606528
    2.391031    -2.747296     1.585279     1.586075
    2.401993    -2.741207     1.582043     1.566054
    2.412954    -2.733955     1.579405     1.546515
    2.423915    -2.725513     1.577390     1.527508
    2.434877    -2.715860     1.576023     1.509085
    2.445838    -2.704985     1.575323     1.491298
    2.456799    -2.692880     1.575310     1.474199
    2.467761    -2.679546     1.576001     1.457839
    2.478722    -2.664993     1.577410     1.442274
    2.489683    -2.649238     1.579548     1.427558
    2.500645    -2.632305     1.582425     1.413746
    2.511606    -2.614227     1.586046     1.400894
    2.522567    -2.595047     1.590416     1.389060
    2.533529    -2.574815     1.595536     1.378302
    2.544490    -2.553588     1.601403     1.368676
    2.555451    -2.531433     1.608015     1.360244
    2.566413    -2.508425     1.615363     1.353062
    2.577374    -2.484644     1.623437     1.347189
    2.588335    -2.460179     1.632227     1.342683
    2.599297    -2.435124     1.641715     1.339600
    2.610258    -2.409579     1.651886     1.337993
    2.621219    -2.383650     1.662717     1.337916
    2.632181    -2.357444     1.674187     1.339415
    2.643142    -2.331073     1.686271     1.342534
    2.654103    -2.304650     1.698941     1.347313
    2.665065    -2.278286     1.712166     1.353783
    2.676026    -2.252096     1.725916     1.361970
    2.686987    -2.226188     1.740155     1.371891
    2.697949    -2.200670     1.754848     1.383554
    2.708910    -2.175643     1.769957     1.396958
    2.719871    -2.151202     1.785442     1.412088
    2.730833    -2.127438     1.801261     1.428922
    2.741794    -2.104431     1.817373     1.447421
    2.752755    -2.082252     1.833733     1.467536
    2.763717    -2.060964     1.850296     1.489204
    2.774678    -2.040620     1.867016     1.512351
    2.785639    -2.021262     1.883845     1.536888
    2.796601    -2.002921     1.900736     1.562713
    2.807562    -1.985619     1.917640     1.589715
    2.818523    -1.969367     1.934509     1.617768
    2.829485    -1.954167     1.951293     1.646740
    2.840446    -1.940012     1.967945     1.676485
    2.851407    -1.926886     1.984414     1.706854
    2.862369    -1.914767     2.000652     1.737688
    2.873330    -1.903626     2.016612     1.768823
    2.884291    -1.893428     2.032245     1.800094
    2.895253    -1.884134     2.047505     1.831329
    2.906214    -1.875701     2.062346     1.862358
    2.917175    -1.868082     2.076724     1.893010
    2.928137    -1.861230     2.090595     1.923117
    2.939098    -1.855096     2.103917     1.952511
    2.950059    -1.849631     2.116649     1.981031
    2.961021    -1.844785     2.128753     2.008519
    2.971982    -1.840510     2.140193     2.034823
    2.982943    -1.836759     2.150932     2.059799
    2.993905    -1.833488     2.160939     2.083310
    3.004866    -1.830653     2.170181     2.105226
    3.015827    -1.828215     2.178632     2.125430
    3.026789    -1.826137     2.186265     2.143810
    3.037750    -1.824385     2.193056     2.160268
    3.048711    -1.822929     2.198985     2.174714
    3.059673    -1.821743     2.204033     2.187071
    3.070634    -1.820803     2.208185     2.197273
    3.081595    -1.820092     2.211427     2.205265
    3.092557    -1.819595     2.213751     2.211004
    3.103518    -1.819300     2.214460     2.215148
    3.114479    -1.819203     2.215614     2.215614
